0 0 0 0 0 0 1528 1527 1524 1523 1520 1519 1518 1517 1518 1519 1520 1521 1522 1523 1530 1529 1530 0 0 0 0 0 0 0 0 0 0 0 0 1697 0 1701 1700 1701 1706 1717 1716 1715 1714 1721 1720 1719 1720 1721 1722 1723 1724 1725 1726 0 0 0 0 0 0 0 0 0 0 0 0 0 3412 3413 3424 3425 0 3495 3494 3493 3494 0 0 0 0 0 0 0 0 4003 4004 4005 4006 4007 4014 0 0 4023 4024 0 4138 4137 4138 0 4148 0 4154 4155 4158 4159 0 0 0 4625 4624 4625 4626 4629 0 0 0 0 0 0 0 0 0 0 0 0 0 0 0 0 0 0 0 0 0 0 0 0 0 0
0 0 0 0 1509 0 1527 1526 1525 1522 1521 1514 1517 1516 1517 1518 1519 1522 1523 1524 0 1528 1531 0 0 0 0 0 0 0 0 0 0 0 1697 1696 1697 1700 1699 1704 1705 1716 1715 1714 1713 1720 1719 1718 1719 1720 1721 1722 0 1726 0 0 0 2350 0 0 0 0 0 0 0 0 0 0 3411 3412 3423 3426 3427 3494 3493 3492 3493 0 0 0 0 0 0 0 4003 4002 4003 4004 4011 4012 4013 4014 4015 4022 0 0 0 4136 4137 4140 4147 4148 4153 4154 4157 4158 0 0 0 4624 4623 4624 4627 4628 0 0 0 0 0 0 0 0 0 0 0 0 0 0 0 0 0 0 0 0 0 0 0 0 0 0
0 0 0 0 1508 0 1528 1527 1526 1511 1512 1513 1514 1515 0 0 1520 1521 1522 1525 1526 1527 1528 1617 0 0 1620 0 0 0 0 0 1612 1697 1698 1695 1696 1697 1698 1703 1702 0 1714 1713 1712 1713 1716 1717 1718 1719 1720 1723 0 0 0 0 0 2349 2350 2351 0 0 0 0 0 0 0 0 3410 3421 3422 3427 3428 3429 3440 3491 3494 3495 0 3503 3504 3505 0 0 4002 4001 4002 4003 4010 4011 4012 4013 4014 4021 4020 4021 0 4135 4138 4139 4146 4149 4152 4155 4156 0 0 0 0 4621 4622 4625 4626 4627 4628 0 0 0 0 0 0 0 0 0 0 0 0 0 0 0 0 0 0 0 0 0 0 0 0 0
0 0 0 1508 1507 1506 1507 1508 1509 1510 1511 1512 1513 1516 1515 1516 1519 1522 1523 1524 0 1528 1617 1616 1617 1618 1619 0 1611 1612 1611 1610 1611 1696 1695 1694 1695 1698 1699 1700 1701 1702 1709 1710 1711 1714 1715 1716 1717 1720 1721 1722 2321 0 0 0 2349 2348 0 3384 0 0 3391 3390 3391 3398 3399 3400 3409 3420 3419 3430 3429 3438 3439 3490 3495 3498 3499 3502 3503 3504 3505 3506 3999 4000 4003 4008 4009 4010 4011 4014 4015 4020 4019 4020 0 4134 4133 4140 4145 4150 4151 4156 0 0 0 4162 4619 4620 4621 0 0 0 0 0 0 0 0 0 0 0 0 0 0 0 0 0 0 0 0 0 0 0 0 0 0 0 0 0
0 1501 1500 1501 1502 1505 1504 1505 1506 1509 1510 1511 1512 1513 1514 1517 1518 1523 1524 1525 1540 1539 1616 1615 1616 1613 1612 1611 1610 1611 1610 1609 1610 0 1694 1693 1696 1697 1700 1703 1704 1707 1708 1709 1712 1713 1714 1715 1716 0 2318 2319 2320 2329 2330 2331 2346 2347 2348 3383 3384 0 3388 3389 3390 3397 3398 3401 3408 3409 3418 3431 3436 3437 3440 3489 3496 3497 3500 3501 3502 0 3512 3513 3998 3999 4004 4007 4010 4013 4012 4013 4016 4017 4018 4127 4128 4129 4132 4141 4144 4161 4160 4157 4158 4159 4160 4161 4618 4619 0 0 0 0 0 0 0 0 0 0 0 0 0 0 0 0 0 0 0 0 0 0 0 0 0 0 0 0 0 0
0 1500 1499 1500 1501 1502 1503 1506 1507 1508 1509 1510 1511 1512 1513 1518 1519 1520 1527 1526 1531 1538 1539 1614 1613 0 1611 0 1609 0 1607 1608 1609 0 1693 1692 1691 1690 1701 1702 1705 1706 1709 1710 1711 1712 1713 1714 1715 1716 2317 2318 2327 2328 2329 2330 2345 2348 3381 3382 3385 3386 3387 3390 3391 3396 3395 3402 3407 3410 3417 3432 3435 3442 3441 3488 3487 3486 3505 3504 3503 3510 3511 3512 3997 3996 4005 4006 4011 4012 4031 4032 4033 4034 4019 4126 4127 4130 4131 4142 4143 4162 4159 4158 4159 4160 4609 4618 4617 4618 4619 4620 0 0 0 0 0 0 0 0 0 0 0 0 0 0 0 0 0 0 0 0 0 0 0 0 0 0 0 0
0 1499 1498 1499 1500 0 1504 1505 1506 1483 0 1481 1482 1483 1514 1519 1520 1529 1528 1529 1530 1537 1536 1539 1612 1611 1610 1609 1608 1607 1606 1607 1608 1609 1682 1681 1684 1689 1688 1715 1714 1713 1712 1711 1712 1713 1714 0 1716 1717 2316 2319 2326 2327 2330 2343 2344 2345 3380 3377 3376 3375 3374 3373 3392 3393 3394 3403 3406 3411 3416 3433 3434 3443 3444 3445 3446 3485 3506 3507 3508 3509 3512 3523 3992 3995 3994 4015 4014 4013 4030 4037 4036 4035 0 4125 4124 4123 4122 4165 4164 4163 4602 4603 4604 0 4608 0 4616 4617 0 0 0 0 0 0 0 0 0 0 0 0 0 0 0 0 0 0 0 0 0 0 0 0 0 0 0 0 0 0
1495 1496 1497 1498 1501 1510 0 1506 0 1482 1481 1480 1481 1480 1481 1482 0 0 1529 1530 1533 1534 1535 1538 1613 1614 1611 1610 1609 1604 1605 1606 1607 1678 1679 1680 1683 1684 1687 1716 1717 1718 1719 1712 0 1752 0 2314 2313 2314 2315 2320 2325 2332 2331 2342 2341 2346 3379 3378 3369 3370 3371 3372 3361 3360 3359 3404 3405 3412 3415 3452 3451 3450 3449 3448 3447 3484 3513 3512 3511 3510 3521 3522 3991 3992 3993 4016 4015 4028 4029 4038 4037 4036 4037 4112 4113 4120 4121 4166 4167 4164 4601 4604 4605 4606 4607 4608 4615 4616 0 4620 4621 4622 0 0 0 0 0 0 0 0 0 0 0 0 0 0 0 0 0 0 0 0 0 0 0 0 0 0
1494 1495 1496 1497 1498 1509 1508 1507 0 1479 1478 1479 1478 1479 1480 1481 1482 1483 1484 1531 1532 1537 1536 1537 0 1615 1612 1613 0 1603 1604 1607 1608 1677 1676 1681 1682 1685 1686 1723 1722 1721 1720 1749 1750 1751 1752 2313 2312 2313 2312 2321 2324 2333 2336 2337 2340 2347 2350 2351 3368 3367 3364 3363 3362 3361 3358 3357 3356 3413 3414 3453 3454 3455 3478 3479 3480 3483 3514 3517 3518 3519 3520 3523 3990 3989 3988 4017 4026 4027 4040 4039 4046 4109 4110 4111 4114 4119 4168 4167 4168 4165 4600 4605 4606 0 4608 4609 4614 4613 0 4619 4620 0 0 0 0 0 0 0 0 0 0 0 0 0 0 0 0 0 0 0 0 0 0 0 0 0 0 0
1493 1494 1495 1496 1499 1500 0 1480 1479 1478 1477 1476 1477 1478 1479 1480 1481 0 0 0 1539 1538 1537 1538 0 1614 1613 1614 1601 1602 1603 1606 1607 1608 1675 1674 1673 1672 1671 1724 1725 1726 1721 1748 1753 1752 1753 2312 2311 2310 2311 2322 2323 2334 2335 2338 2339 2348 2349 2352 2353 3366 3365 3348 3349 0 3353 3354 3355 3460 3459 3458 3457 3456 3477 3478 3481 3482 3515 3516 3529 3528 3525 3524 3961 3962 3987 4018 4025 4024 4041 4044 4045 4108 4107 4106 4115 4118 4169 4170 4593 4594 4599 4598 4607 4608 4611 4610 4611 4612 4613 4618 4619 4620 4625 4626 0 0 0 0 0 0 4815 4816 0 0 0 0 0 0 0 0 0 0 0 0 0 0 0 0
1492 1493 1498 1497 1486 0 1482 1479 1478 1477 1476 1475 1474 1473 1474 1475 0 0 0 1541 1540 1467 1468 1539 0 0 1614 0 1600 1601 1604 1605 0 1613 1612 1613 1614 1669 1670 1729 1728 1727 1746 1747 1754 1755 1754 1771 2310 2309 2308 2307 2298 2297 2294 2293 2360 2359 2358 2353 2354 3345 3346 3347 3350 3351 3352 3327 3326 3461 3462 3465 3466 3467 3476 3475 3534 3533 3532 3531 3530 3527 3526 3959 3960 3963 3986 4019 4022 4023 4042 4043 4046 4047 4104 4105 4116 4117 4172 4171 4592 4595 4596 4597 4608 4609 4610 4611 0 4613 4614 4617 4620 4623 4624 4627 0 0 0 0 0 0 4814 4815 0 0 0 0 0 0 0 0 0 0 0 0 0 0 0 0
1491 0 1499 1498 1485 1482 1481 1480 0 1446 1451 1450 1473 1472 1473 1466 1465 0 0 0 1465 1466 1467 1540 1601 1600 1599 1598 1599 0 1605 0 0 1612 1611 1612 1615 1668 1667 1730 1731 1744 1745 1758 1757 1756 0 1770 1771 2304 2305 2306 2299 2296 2295 2292 2361 2362 2357 2356 2355 3344 3343 3342 3341 3340 3329 3328 3325 3324 3463 3464 3467 3470 3471 3474 3535 3536 3537 3940 3941 3944 3945 3958 3957 3964 3985 4020 4021 4052 4051 4050 4049 4048 4103 4102 4175 4174 4173 4172 4591 4590 4615 4614 4611 4610 4611 4616 4615 4614 4615 4616 4621 4622 4625 4628 4629 0 0 0 0 4812 4813 4814 0 0 0 0 0 0 0 0 0 0 0 0 0 0 0 0
1490 1489 1486 1485 1484 1483 1482 1447 1446 1445 0 1449 1448 1471 1470 1465 1464 1465 0 0 1464 0 0 1603 1602 1601 1598 1597 1596 1597 1598 1601 1602 0 1610 1617 1616 1667 1666 1733 1732 1743 1742 1759 1758 1767 1768 1769 0 2303 2302 2301 2300 2289 2290 2291 2364 2363 2364 2647 2648 0 3336 3337 3338 3339 3330 3301 3302 3323 3322 3321 3468 3469 3472 3473 3540 3539 3538 3939 3942 3943 3946 3955 3956 3965 3984 4055 4054 4053 0 4089 4090 4095 4096 4101 4176 4177 4178 4587 4588 4589 4616 4613 4612 4621 4622 4623 0 4615 4616 4617 4618 4623 4624 4629 0 0 0 0 4812 4811 4810 4811 4810 0 0 0 0 0 0 0 0 0 0 0 0 0 0 0
0 1488 1487 1486 1485 1484 1483 1446 1445 1444 1443 1444 1447 1468 1469 1464 1463 1462 1461 1462 1463 1606 1605 1604 1605 1598 1597 0 1595 1596 1597 1600 1601 1608 1609 1618 1619 1664 1665 1734 1735 1740 1741 1760 1761 1766 1769 1770 1771 2202 2203 2280 2281 2288 2287 2366 2365 2370 2371 2646 2649 2650 3335 3334 3333 3332 3331 3300 3303 3318 3319 3320 3545 3544 3543 3542 3541 3936 3937 3938 3931 3930 3947 3954 3967 3966 3983 4056 4057 4058 4059 4088 4091 4094 4097 4100 4181 4180 4179 4586 4585 4584 4617 4618 4619 4620 4623 4624 4617 4616 4617 0 4619 4784 0 4630 4791 0 4801 0 4811 4810 4809 4808 4809 4810 0 0 0 0 0 0 0 0 0 0 0 0 0 0
1490 1489 1488 1451 1448 1447 1446 1445 1444 1445 1442 1445 1446 1467 1466 1465 1464 1461 1460 1461 1460 0 1606 1605 1606 1607 1596 1595 1594 1595 1596 1599 1602 1607 1606 1621 1620 1663 1662 1661 1736 1739 1784 1783 1762 1765 1774 1773 1772 2201 2204 2279 2282 2285 2286 2367 2368 2369 2372 2645 2652 2651 3294 3295 3296 3297 3298 3299 3304 3317 3316 3315 3546 3553 3554 3557 3558 3935 3934 3933 3932 3929 3948 3953 3968 3981 3982 4063 4062 4061 4060 4087 4092 4093 4098 4099 4182 4183 4562 4563 4582 4583 4630 4629 4628 4627 4626 4625 4618 4617 4618 4619 0 4783 4784 4785 4790 0 4800 4801 4812 0 4806 4807 4808 4809 0 0 0 0 0 0 0 0 0 0 0 0 0 0
0 0 0 1450 1449 1448 1445 0 1443 0 1441 1446 1447 1448 1449 1452 1453 1460 1459 1458 1459 1460 1607 1606 1607 1608 1595 1594 1593 1592 1597 1598 1603 1604 1605 1622 1627 1628 1659 1660 1737 1738 1785 1782 1763 1764 1775 1776 2199 2200 2205 2278 2283 2284 2377 2376 2375 2374 2373 2644 2653 0 3293 3292 3289 3288 3285 3284 3305 3306 3313 3314 3547 3552 3555 3556 3559 3560 3561 3562 3927 3928 3949 3952 3969 3980 3979 4064 4065 4076 4077 4086 4085 4084 4191 4190 4189 4184 4561 4564 4581 4580 4631 4632 4633 4634 4635 4636 4677 4678 4679 4778 4779 4782 4785 4788 4789 0 4799 0 4813 4806 4805 4806 4809 4810 0 0 0 0 0 0 0 0 0 0 0 0 0 0
0 0 1452 1451 1450 1445 1444 1443 1442 1441 1440 1441 0 1449 1450 1451 1452 1453 1456 1457 1458 1459 0 0 0 1457 1458 0 0 1591 1590 1589 1588 1587 1586 1623 1626 1629 1658 1657 1656 1787 1786 1781 1780 1779 1778 1777 2198 2197 2206 2277 2276 2275 2378 2389 2390 2375 2374 2643 2654 2657 2658 3291 3290 3287 3286 3283 3282 3307 3312 3311 3548 3551 3568 3567 3566 3565 3564 3563 3926 3927 3950 3951 3970 3977 3978 4067 4066 4075 4078 4079 4080 4083 4192 4189 4188 4185 4560 4565 4578 4579 4642 4641 4640 4639 4638 4637 4676 4679 4776 4777 4780 4781 4786 4787 4788 4797 4798 4799 4802 4803 4804 4805 4806 0 0 0 0 0 0 0 0 0 0 0 0 0 0 0
0 0 1453 1452 1451 1446 1445 1444 1443 1440 1439 1438 1437 1436 0 0 0 1454 1455 1456 1459 1450 0 0 0 1456 1459 1458 0 1578 1579 1580 1581 1582 1585 1624 1625 1630 1647 1648 1655 1788 1789 1790 1825 1826 1837 1838 2195 2196 2207 2208 2273 2274 2379 2388 2391 2392 2641 2642 2655 2656 2659 3208 3209 3216 3217 3280 3281 3308 3309 3310 3549 3550 3569 3570 3573 3574 3591 3592 3925 3924 3923 3922 3971 3976 3975 4068 4073 4074 4207 4206 4081 4082 4193 4194 4187 4186 4559 4566 4577 4576 4643 0 4647 4648 4671 4672 4675 4680 4775 4778 4779 4790 4789 4788 0 4796 4799 4800 4801 4802 0 4806 4807 4810 4811 0 0 0 0 0 0 0 0 0 0 0 0 0
0 0 1454 1453 1452 1453 0 1441 1440 1439 1438 1437 1436 1435 1436 0 0 0 1456 1457 1460 1449 1450 1451 1456 1455 1456 1457 1576 1577 1576 1569 1568 1583 1584 1633 1632 1631 1646 1649 1654 1793 1792 1791 1824 1827 1836 1839 2194 2193 2210 2209 2272 2271 2380 2387 2394 2393 2640 2663 2662 2661 2660 3207 3210 3215 3218 3279 3278 3277 3276 3267 3266 3263 3262 3571 3572 3575 3590 3593 3918 3919 3920 3921 3972 3973 3974 4069 4072 4209 4208 4205 4204 4203 4196 4195 4556 4557 4558 4567 4568 4575 4644 4645 4646 4649 4670 4673 4674 4681 4774 4773 4772 4791 4792 4793 4794 4795 4802 4801 0 4803 4804 4807 4808 4809 4810 0 0 0 0 0 0 0 0 0 0 0 0 0
0 0 1457 1454 1453 1454 1441 1440 1439 1438 1437 1436 0 1434 1433 1434 0 1434 1433 1458 1459 1448 1447 0 1455 1454 1455 1456 1575 1574 1575 1570 1567 1566 1565 1634 1635 1644 1645 1650 1653 1794 1795 1796 1823 1828 1835 1840 1841 2192 2211 2268 2269 2270 2381 2386 2395 2396 2639 2664 2665 2670 2671 3206 3211 3214 3219 3220 3273 3274 3275 3268 3265 3264 3261 3578 3577 3576 3589 3594 3917 3916 3915 3914 3913 3912 3911 4070 4071 4210 4211 4212 4201 4202 4197 4554 4555 4550 4549 4568 4569 4574 4653 4652 4651 4650 4669 4684 4683 4682 4769 4770 4771 4812 4811 4808 4807 4804 4803 4804 4805 5088 5089 4808 4809 0 5109 5110 5111 0 0 0 0 0 0 0 0 0 0 0
0 0 1456 1455 1454 1455 1456 1441 1440 1437 1436 1435 1436 1433 1432 0 0 1433 1432 1433 1434 1445 1446 1447 1448 1453 1456 1461 1462 1573 1572 1571 1560 1561 1564 1637 1636 1643 1642 1651 1652 1799 1798 1797 1822 1829 1834 1841 2190 2191 2212 2267 2266 2265 2382 2385 2398 2397 2638 2637 2666 2669 2672 3205 3212 3213 3222 3221 3272 3271 3270 3269 3256 3257 3260 3579 3584 3585 3588 3595 3596 3597 3904 3905 3908 3909 3910 4217 4216 4215 4214 4213 4200 4199 4198 4553 4552 4551 4548 4547 4570 4573 4654 4663 4664 4667 4668 4685 4686 4683 4768 4767 4814 4813 4810 4809 4806 4805 5058 5059 5060 5087 5090 4809 5106 5107 5108 5109 5110 0 0 0 0 0 0 0 0 0 0 0
0 1458 1457 1458 1459 1458 1457 0 1463 1436 1435 1434 1435 1434 1431 1430 1431 1432 1431 1432 0 1444 1443 1442 1449 1452 1457 1460 1463 1464 1557 1558 1559 1562 1563 1638 1639 1640 1641 1804 1803 1800 1813 1814 1821 1830 1833 1842 2189 2188 2213 2214 2263 2264 2383 2384 2399 2400 2635 2636 2667 2668 2673 3204 3203 3202 3223 3226 3227 3244 3245 3246 3255 3258 3259 3580 3583 3586 3587 3598 3597 3902 3903 3906 3907 3896 3895 4218 4217 4222 4223 4226 4227 4386 4387 4390 4529 4530 4545 4546 4571 4572 4655 4662 4665 4666 4689 4688 4687 4760 4761 4766 4815 4818 4819 4822 4823 4824 5057 5062 5061 5086 5091 5092 5105 5104 5109 5110 5111 5112 0 0 0 0 0 0 0 0 0 0
1464 0 1458 1459 1460 1459 1458 0 1462 1435 1434 1433 1432 0 1430 1429 1430 1431 1430 1433 1436 1437 1440 1441 1450 1451 1458 1459 1464 1465 1556 1555 1554 1553 1550 1549 1546 1545 1544 1805 1802 1801 1812 1815 1820 1831 1832 1843 1844 2187 2216 2215 2262 2261 2404 2403 2402 2401 2634 2633 2678 2677 2674 3199 3200 3201 3224 3225 3228 3243 3242 3247 3254 3253 3252 3581 3582 3605 3604 3599 3600 3901 3900 3899 3898 3897 3894 4219 4220 4221 4224 4225 4228 4385 4388 4389 4528 4531 4544 4543 4542 4657 4656 4661 4692 4691 4690 4751 4752 4759 4762 4765 4816 4817 4820 4821 4826 4825 5056 5063 5084 5085 5094 5093 5102 5103 5110 5111 0 0 0 0 0 0 0 0 0 0 0 0
1463 1462 1459 1460 1461 1460 1459 1460 1461 1462 0 1432 1431 1430 1429 1428 1427 1428 1429 1434 1435 1438 1439 1440 1415 1414 1411 1410 1409 1466 1467 1504 1505 1552 1551 1548 1547 1542 1543 1806 1809 1810 1811 1816 1819 1848 1847 1846 1845 2186 2217 2218 2259 2260 2405 2406 2407 2422 2423 2632 2679 2676 2675 3198 3197 3196 3195 3230 3229 3240 3241 3248 3249 3250 3251 3608 3607 3606 3603 3602 3601 3620 3889 3890 3891 3892 3893 3882 3881 4232 4231 4230 4229 4384 4391 4390 4527 4532 4533 4540 4541 4658 4659 4660 4693 4694 4695 4750 4753 4758 4763 4764 4835 4834 4833 4832 4827 4828 5055 5064 5083 5082 5095 5096 5101 5116 5115 5112 5113 0 0 0 0 0 0 0 0 0 0 0
1462 1461 1460 1463 1462 1461 1460 1465 1464 1463 1464 1433 1434 1429 1428 1427 1426 1427 1422 1421 1420 1419 1418 1417 1416 1413 1412 0 1408 1469 1468 1503 1506 1509 1510 1515 1516 1541 1540 1807 1808 1863 1862 1817 1818 1849 2182 2183 2184 2185 2220 2219 2258 2257 2408 2407 2420 2421 2424 2631 2680 2681 2682 2691 2692 3193 3194 3231 3232 3239 3238 3237 3178 3177 3176 3609 3610 3615 3616 3617 3618 3619 3888 3887 3886 3885 3884 3883 3880 4233 4234 4241 4242 4383 4392 4393 4526 4525 4534 4539 4538 4703 4702 4699 4698 4697 4696 4749 4754 4757 4838 4837 4836 4845 4846 4831 4830 4829 5054 5065 5066 5081 5080 5097 5100 5117 5114 5113 5114 5123 0 0 0 0 0 0 0 0 0 0
1463 1462 1463 1464 1465 1462 0 1466 1465 1466 1467 1434 1435 1428 1427 1426 1425 1424 1423 1296 1295 1296 1325 1326 1327 1328 1405 1406 1407 1470 1501 1502 1507 1508 1511 1514 1517 1518 1539 1538 1865 1864 1861 1852 1851 1850 2181 2180 2179 2178 2221 2252 2253 2256 2409 2408 2419 2426 2425 2630 2629 2682 2683 2690 2693 3192 3191 3190 3233 3234 3235 3236 3179 3180 3175 3174 3611 3614 3623 3622 3621 3620 3703 3704 3875 3876 3877 3878 3879 4236 4235 4240 4243 4382 4381 4394 4523 4524 4535 4536 4537 4704 4701 4700 4711 4712 4697 4748 4755 4756 4839 4842 4843 4844 4847 4848 4849 4850 5053 5066 5071 5072 5079 5098 5099 5118 5119 5120 5121 5122 0 5126 0 0 0 0 0 0 0 0
1464 1463 1466 1465 1466 1467 1468 0 0 0 0 1435 1436 1437 1278 1281 1280 1281 1294 1293 1294 1297 1324 1323 1322 1329 1404 1403 1402 1471 1500 1499 1498 1497 1512 1513 1518 1533 1534 1537 1866 1861 1860 1853 1854 1855 1948 1949 1950 2177 2222 2251 2254 2255 2410 2411 2418 2427 2432 2433 2628 2627 2684 2689 2694 2695 2696 3189 3188 3187 3186 3185 3182 3181 3176 3173 3612 3613 3624 3625 3626 3701 3702 3705 3874 3873 3872 3871 3870 4237 4238 4239 4244 4379 4380 4395 4522 4521 4520 4519 4518 4705 4706 4707 4710 4713 4714 4747 4746 4745 4840 4841 4856 4855 4854 4853 4852 4851 5052 5067 5070 5073 5078 5127 5126 5125 5124 5123 5122 5123 5124 5125 0 0 0 0 0 0 0 0
1465 1464 1465 1466 1467 1468 1469 0 0 0 0 0 1439 1438 1277 1278 1279 1282 1283 1292 1291 1298 1309 1310 1321 1330 1399 1400 1401 1472 1473 1480 1481 1496 1495 1494 1519 1532 1535 1536 1867 1868 1859 1858 1857 1856 1947 1952 1951 2176 2223 2250 2249 2248 2413 2412 2417 2428 2431 2434 2435 2626 2685 2688 2697 2696 2717 2718 2721 2722 3163 3184 3183 3168 3169 3172 3631 3630 3629 3628 3627 3700 3701 3706 3859 3860 3863 3864 3869 4248 4247 4246 4245 4378 4397 4396 4473 4474 4475 4476 4517 4516 4707 4708 4709 4716 4715 4740 4741 4744 4859 4858 4857 4856 4919 4920 4921 4922 5051 5068 5069 5074 5077 5128 5131 5132 5135 5136 5137 5124 5125 5146 0 0 5151 5152 5153 0 0 0
0 1465 1466 1469 1468 1469 0 0 0 0 0 0 1276 1275 1276 1277 1268 1267 1284 1285 1290 1299 1308 1311 1320 1331 1398 1397 1396 1475 1474 1479 1482 1483 1492 1493 1520 1531 1872 1871 1870 1869 1910 1911 1942 1943 1946 1953 2174 2175 2224 2225 2246 2247 2414 2415 2416 2429 2430 2435 2436 2625 2686 2687 2698 2699 2716 2719 2720 2723 3162 3163 3166 3167 3170 3171 3632 3633 3634 3635 3636 3699 3708 3707 3858 3861 3862 3865 3868 4249 0 4371 4372 4377 4398 4399 4472 4479 4478 4477 4514 4515 4720 4719 4718 4717 4738 4739 4742 4743 4860 4899 4900 4901 4918 4927 4926 4923 5050 5049 5048 5075 5076 5129 5130 5133 5134 5137 5140 5141 5142 5145 0 5149 5150 5151 5152 5153 0 0
0 0 1471 1470 1469 0 0 0 0 0 0 1276 1275 1274 1271 1270 1269 1266 1265 1286 1289 1300 1307 1312 1319 1332 1391 1392 1395 1476 1477 1478 1485 1484 1491 1490 1521 1530 1873 1896 1897 1898 1909 1912 1941 1944 1945 1954 2173 2228 2227 2226 2245 2244 2243 2442 2441 2440 2439 2438 2437 2624 2623 2622 2701 2700 2715 2714 2713 2724 3161 3164 3165 3154 3153 3152 3645 3644 3641 3640 3637 3698 3709 3710 3857 3856 3855 3866 3867 4250 4251 4370 4373 4376 4401 4400 4471 4480 4481 4482 4513 4512 4721 4722 4731 4732 4737 4864 4863 4862 4861 4898 4899 4902 4917 4928 4925 4924 5031 5032 5047 5044 5043 5152 5151 5150 5149 5138 5139 5142 5143 5144 5147 5148 5149 5150 5153 5154 0 0
0 0 1472 0 0 0 0 0 0 0 0 0 1274 1273 1272 1261 1262 1263 1264 1287 1288 1301 1306 1313 1318 1333 1390 1393 1394 1383 1382 1381 1486 1487 1488 1489 1522 1529 1874 1895 1900 1899 1908 1913 1940 1939 1938 1955 2172 2229 2232 2233 2236 2241 2242 2443 2448 2449 2506 2507 2438 2619 2620 2621 2702 2703 2704 2711 2712 2725 3160 3157 3156 3155 3154 3151 3646 3643 3642 3639 3638 3697 3712 3711 3832 3833 3854 3853 4254 4253 4252 4369 4374 4375 4402 4403 4470 4467 4466 4483 4510 4511 4724 4723 4730 4733 4736 4865 4864 4895 4896 4897 4904 4903 4916 4929 4930 4931 5030 5033 5046 5045 5042 5153 5156 5157 5148 5147 5146 5145 5144 5145 5146 5149 5150 5151 5152 5153 0 0
0 0 0 0 0 0 0 0 0 0 0 0 1275 1046 0 1260 1259 1258 1257 1256 1255 1302 1305 1314 1317 1334 1389 1388 1387 1384 1383 1380 1379 1378 1377 1376 1523 1528 1875 1894 1901 1902 1907 1914 1915 1916 1937 1956 2171 2230 2231 2234 2235 2240 2239 2444 2447 2450 2505 2508 2509 2618 2617 2616 2705 2704 2709 2710 2727 2726 3159 3158 3145 3146 3149 3150 3647 3648 3649 3650 3651 3696 3713 3830 3831 3834 3851 3852 4255 4256 4257 4368 4367 4366 4405 4404 4469 4468 4465 4484 4509 4508 4725 4728 4729 4734 4735 4866 4867 4894 4907 4906 4905 4904 4915 4934 4933 4932 5029 5034 5035 5040 5041 5154 5155 5158 5159 5160 5169 5170 5171 5172 5151 5150 5151 0 5153 5154 5155 5156
0 0 0 0 0 0 0 0 0 0 0 1043 1044 1045 1248 1249 1250 1251 1252 1253 1254 1303 1304 1315 1316 1335 1338 1339 1386 1385 1344 1345 1348 1349 1350 1375 1524 1527 1876 1893 1892 1903 1906 1919 1918 1917 1936 1957 2170 2169 2168 2167 2236 2237 2238 2445 2446 2451 2504 2511 2510 2613 2614 2615 2706 2707 2708 2729 2728 2737 2738 3143 3144 3147 3148 3657 3656 3655 3654 3653 3652 3695 3714 3829 3828 3835 3850 3849 4260 4259 4258 4353 4354 4365 4406 4407 4408 4465 4464 4485 4506 4507 4726 4727 4872 4871 4870 4869 4868 4893 4908 4907 4912 4913 4914 4935 4936 4937 5028 5027 5036 5039 5040 5251 5250 5163 5162 5161 5168 5175 5174 5173 5174 5151 5152 5155 5154 0 5156 5159
0 0 0 0 0 0 0 0 1045 1044 1043 1042 1043 1044 1247 1246 1245 1244 1241 1240 1237 1236 1235 1232 1231 1336 1337 1340 1341 1342 1343 1346 1347 1350 1373 1374 1525 1526 1877 1878 1891 1904 1905 1920 1921 1934 1935 1958 1959 1960 2167 2166 2165 2164 2455 2454 2453 2452 2503 2512 2513 2612 2611 2610 2609 2608 2607 2730 2731 2736 2739 3142 3141 3140 3139 3658 3659 3660 3681 3682 3693 3694 3715 3716 3827 3836 3847 3848 4261 4262 4263 4352 4355 4364 4411 4410 4409 4462 4463 4486 4505 4504 4503 4874 4873 4884 4885 4888 4889 4892 4909 4910 4911 4942 4941 4940 4939 4938 5025 5026 5037 5038 5253 5252 5249 5164 5165 5166 5167 5176 5177 5178 5179 0 5157 5156 0 5158 5157 5158
0 0 0 0 0 0 0 1047 1044 1043 1042 1041 1042 1045 1046 1047 1048 1243 1242 1239 1238 1225 1234 1233 1230 1229 1216 1215 1212 1211 1210 1209 1208 1351 1372 1371 1370 1369 1368 1879 1890 1889 1888 1923 1922 1933 1964 1963 1962 1961 2118 2119 2120 2163 2456 2457 2496 2497 2502 2515 2514 2549 2550 2551 2558 2559 2606 2605 2732 2735 2740 2859 2860 3137 3138 3663 3662 3661 3680 3683 3692 3691 3718 3717 3826 3837 3846 3845 4266 4265 4264 4351 4356 4363 4412 4419 4420 4461 4460 4487 4490 4491 4502 4875 4882 4883 4886 4887 4890 4891 4946 4945 4944 4943 4954 4955 5018 5019 5024 5259 5258 5255 5254 0 5248 5247 5184 5183 5182 5179 5178 5181 5180 5181 5158 5209 0 0 0 5159
0 0 0 0 0 0 0 1046 1045 1044 1041 1040 1039 1038 1037 1036 1049 1050 1053 1054 1055 1224 1225 1226 1227 1228 1217 1214 1213 1204 1205 1206 1207 1352 1353 1356 1357 1358 1367 1880 1881 1886 1887 1924 1931 1932 1965 2110 2111 2116 2117 2120 2121 2162 2457 2458 2495 2498 2501 2516 2517 2548 2551 2552 2557 2560 2561 2604 2733 2734 2741 2858 2861 3136 3137 3664 3667 3668 3679 3684 3689 3690 3719 3720 3825 3838 3843 3844 4267 4276 4277 4350 4357 4362 4413 4418 4421 4422 4459 4488 4489 4492 4501 4876 4881 4970 4969 4968 4967 4966 4947 4948 4951 4952 4953 4956 5017 5020 5023 5260 5257 5256 5267 5268 5249 5246 5185 5182 5181 5180 5201 5202 5205 5206 5207 5208 0 0 0 0
0 0 0 0 0 0 0 1047 1048 1043 1042 1025 1040 1039 1026 1035 1034 1051 1052 1057 1056 1223 1222 1221 1220 1219 1218 1197 1198 1203 1202 1177 1176 1175 1354 1355 1356 1359 1366 1365 1882 1885 1926 1925 1930 1967 1966 2109 2112 2115 2124 2123 2122 2161 2160 2459 2494 2499 2500 2517 2518 2547 2548 2553 2556 2563 2562 2603 2744 2743 2742 2857 2862 3135 3136 3665 3666 3669 3678 3685 3688 3723 3722 3721 3824 3839 3842 3843 4268 4275 4278 4349 4358 4361 4414 4417 0 4423 4458 4457 4494 4493 4500 4877 4880 4971 4974 4975 4968 4965 4964 4949 4950 4959 4958 4957 5016 5021 5022 5261 5262 5265 5266 5269 5270 5245 5186 5187 5194 5195 5200 5203 5204 5207 5208 0 0 0 0 0
0 0 0 0 0 0 1049 1048 1049 1044 1025 1024 1023 1026 1025 1026 1033 1032 1031 1058 1061 1062 1063 1192 1193 1194 1195 1196 1199 1200 1201 1178 1173 1174 1161 1160 1159 1360 1363 1364 1883 1884 1927 1928 1929 1968 2107 2108 2113 2114 2125 2126 2155 2156 2159 2460 2493 2492 2491 2520 2519 2546 2545 2554 2555 2564 2565 2602 2745 2852 2853 2856 2863 3134 3133 3132 3671 3670 3677 3686 3687 3724 3725 3822 3823 3840 3841 4270 4269 4274 4279 4348 4359 4360 4415 4416 4425 4424 4455 4456 4495 4496 4499 4878 4879 4972 4973 4976 4977 4964 4963 4962 4961 4960 5011 5012 5015 5284 5283 5282 5263 5264 5275 5274 5271 5244 5189 5188 5193 5196 5199 5210 5209 5208 5209 5212 0 0 0 0
0 0 0 0 0 0 0 0 0 0 1024 1023 1022 1023 1024 1027 1028 1029 1030 1059 1060 1063 1190 1191 1186 1185 1184 1183 1182 1181 1180 1179 1172 1171 1162 1157 1158 1361 1362 1151 1150 1885 1972 1971 1970 1969 2106 2105 2104 2103 2126 2127 2154 2157 2158 2461 2474 2475 2490 2521 2542 2543 2544 2569 2568 2567 2566 2601 2746 2851 2854 2855 2864 3127 3128 3131 3672 3673 3676 3729 3728 3727 3726 3821 3820 3819 3818 4271 4272 4273 4280 4347 4346 4345 4428 4427 4426 4453 4454 4455 4498 4497 4498 4983 4982 4981 4980 4979 4978 5003 5004 5007 5008 5009 5010 5013 5014 5285 5286 5281 5280 5277 5276 5273 5272 5243 5190 5191 5192 5197 5198 5211 5210 5211 5210 5211 0 0 0 0
0 0 0 0 0 0 0 0 0 0 989 1022 1021 1020 1019 1018 1017 1016 1015 1014 1013 1064 1189 1188 1187 1074 1075 1084 1085 1086 1087 1168 1169 1170 1163 1156 1155 1154 1153 1152 1149 1974 1973 1980 1981 1982 2097 2098 2101 2102 2129 2128 2153 2152 2151 2462 2473 2476 2489 2522 2541 2540 2571 2570 2595 2596 2597 2600 2747 2850 2849 2866 2865 3126 3129 3130 3123 3674 3675 3730 3731 3772 3773 3814 3815 3816 3817 4284 4283 4282 4281 4324 4325 4344 4429 4432 4433 4452 4451 4450 4987 4986 4985 4984 4997 4998 4999 5000 5001 5002 5005 5006 5381 5380 5291 5290 5289 5288 5287 0 5279 5278 5307 5308 5309 5242 5241 5240 5239 5232 5231 5212 5213 5214 5211 5218 0 0 0 0
0 0 0 0 0 0 0 0 0 0 988 989 990 991 1004 1005 1006 1007 1008 1009 1012 1065 1068 1069 1070 1073 1076 1083 1082 1089 1088 1167 1166 1165 1164 1139 1140 1141 1144 1145 1148 1975 1978 1979 0 1983 2096 2099 2100 2131 2130 2137 2138 2149 2150 2463 2472 2477 2488 2523 2538 2539 2572 2573 2594 2593 2598 2599 2748 2749 2848 2867 2868 3125 3124 3123 3122 3121 3734 3733 3732 3771 3774 3813 3812 3811 3810 4285 4286 4287 4288 4323 4326 4343 4430 4431 4434 4435 4448 4449 4988 4991 4992 4993 4996 5391 5390 5389 5388 5387 5386 5385 5382 5379 5292 5293 5294 5297 5298 5301 5302 5303 5306 5311 5310 5315 5316 5317 5238 5233 5230 5227 5226 5215 5216 5217 5218 5221 5222 0
0 0 0 0 0 0 0 980 981 986 987 988 989 992 1003 1002 1001 1000 999 1010 1011 1066 1067 1068 1071 1072 1077 1078 1081 1090 1097 1098 1099 1136 1137 1138 1141 1142 1143 1146 1147 1976 1977 1978 1985 1984 2095 2094 2093 2132 2135 2136 2139 2148 2147 2464 2471 2478 2487 2524 2537 2536 2575 2574 2593 2592 2591 2590 2751 2750 2847 2870 2869 3110 3111 3118 3119 3120 3735 3760 3761 3770 3775 3792 3793 3794 3809 3808 4291 4290 4289 4322 4327 4342 4341 4340 4437 4436 4447 4448 4989 4990 4993 4994 4995 5392 5393 5400 5401 5404 5405 5384 5383 5378 5375 5374 5295 5296 5299 5300 5303 5304 5305 5312 5313 5314 5317 5318 5237 5234 5229 5228 5225 5222 5221 5220 5219 5220 0 0
0 0 0 0 0 0 980 979 978 985 984 983 982 993 994 995 996 997 998 919 918 915 914 911 910 907 906 1079 1080 1091 1096 1095 1100 1135 1134 1133 1132 1131 1130 1129 1128 1127 1126 1125 1986 1987 2090 2091 2092 2133 2134 2135 2140 2141 2146 2465 2470 2479 2486 2525 2534 2535 2576 2583 2584 2587 2588 2589 2752 2753 2846 2871 3108 3109 3112 3117 3116 3737 3736 3759 3762 3769 3776 3791 3796 3795 3806 3807 4292 4295 4296 4321 4328 4333 4334 4339 4438 4439 4446 5437 5436 5435 5434 5433 5432 5395 5394 5399 5402 5403 5406 5409 5410 5377 5376 5373 5370 5369 5368 5327 5326 5325 5324 5323 5322 5321 5320 5319 5236 5235 5230 5225 5224 5223 5222 5221 5220 5221 5222 0
0 0 0 0 0 0 981 978 977 978 979 980 981 966 965 964 963 962 961 920 917 916 913 912 909 908 905 886 885 1092 1093 1094 1101 1102 1103 1104 1105 1106 1111 1112 1119 1120 1121 1124 1989 1988 2089 2088 2087 2086 2085 2084 2083 2142 2145 2466 2469 2480 2485 2526 2533 2532 2577 2582 2585 2586 2759 2758 2755 2754 2845 2872 3107 3106 3113 3114 3115 3738 3739 3758 3763 3768 3777 3790 3797 3804 3805 4294 4293 4294 4297 4320 4329 4332 4335 4338 4441 4440 4445 5438 5439 5440 5441 5442 5431 5396 5397 5398 5425 5424 5407 5408 5411 5412 5413 5372 5371 5368 5367 5328 5329 5330 5331 5324 5335 5336 0 5342 5343 0 5227 5226 5225 5224 5223 5222 5221 5222 5223 5226
0 0 0 0 0 0 0 0 976 975 974 971 970 967 956 957 958 959 960 921 922 899 900 901 902 903 904 887 884 881 880 877 876 875 872 871 870 1107 1110 1113 1118 1117 1122 1123 1990 1991 2000 2001 2078 2079 2080 2081 2082 2143 2144 2467 2468 2481 2484 2527 2528 2531 2578 2581 2762 2761 2760 2757 2756 2843 2844 2873 3104 3105 3744 3743 3742 3741 3740 3757 3764 3767 3778 3789 3798 3803 4302 4301 4300 4299 4298 4319 4330 4331 4336 4337 4442 4443 4444 5439 5446 5445 5444 5443 5430 5429 5428 5427 5426 5423 5420 5419 5418 5415 5414 5507 5508 5509 5366 5365 5360 5359 5332 5333 5334 5337 5338 5341 5344 5345 5228 5227 5226 5225 0 5223 5222 5223 5224 5225
0 0 0 0 0 0 0 0 975 974 973 972 969 968 955 954 927 926 925 924 923 898 897 894 893 892 889 888 883 882 879 878 875 874 873 868 869 1108 1109 1114 1115 1116 0 1994 1993 1992 1999 2002 2077 2076 2075 2074 2073 2072 2069 2068 2067 2482 2483 2484 2529 2530 2579 2580 2763 2764 2765 2766 2841 2842 2843 2874 3103 3106 3745 3748 3749 3752 3753 3756 3765 3766 3779 3788 3799 3802 4303 4304 4305 4312 4313 4318 5669 5668 5667 5666 5665 5654 5653 5652 5447 5448 5449 5450 5451 5452 5453 5454 5455 5422 5421 5418 5417 5416 5417 5506 5511 5510 5367 5364 5361 5358 5355 5354 5351 5350 5339 5340 5345 5346 0 5228 5227 0 5225 5224 5223 5224 0 5228
0 0 0 0 0 0 0 0 946 945 950 949 950 951 952 953 928 769 770 771 772 0 896 895 0 891 890 823 824 827 828 831 832 865 866 867 860 859 856 855 854 853 852 1995 1996 1997 1998 2003 2026 2027 2028 2029 2030 2071 2070 2069 2066 2065 2064 2065 2776 2775 2772 2771 2770 2769 2768 2767 2840 2877 2876 2875 3102 3101 3746 3747 3750 3751 3754 3755 3782 3781 3780 3787 3800 3801 4304 4307 4306 4311 4314 4317 5670 5673 5674 5675 5664 5655 5656 5651 5650 5645 5644 5461 5460 5459 5458 5457 5456 5485 5486 5501 5502 5503 5504 5505 5512 5513 5514 5363 5362 5357 5356 5353 5352 5349 5348 5347 5346 5347 5566 5567 5568 5569 5570 5225 5224 5225 5226 5227
0 0 0 0 0 0 0 946 945 944 945 948 947 946 935 934 929 768 767 766 773 780 781 816 817 818 821 822 825 826 829 830 833 864 863 862 861 858 857 848 849 850 851 644 643 642 641 2004 2025 2024 2023 2022 2031 2040 2041 2056 2057 2058 2063 2778 2777 2774 2773 2820 2821 2822 2831 2832 2839 2878 2879 2882 2883 3100 3099 3098 3097 3096 3095 3094 3783 3784 3785 3786 3787 5706 5705 4308 4309 4310 4315 4316 5671 5672 5677 5676 5663 5662 5657 5658 5649 5646 5643 5462 5463 5464 5465 5466 5457 5484 5487 5500 5499 5528 5527 5518 5517 5516 5515 5516 5547 5548 5551 5552 5353 5558 5559 5562 5563 5564 5565 5566 5567 5568 5569 0 5227 5226 5227 5228
0 0 0 0 0 0 0 0 944 943 942 943 944 945 936 933 930 763 764 765 774 779 782 815 816 819 820 807 806 805 804 803 834 837 838 839 840 843 844 847 656 655 654 645 646 639 640 2005 2006 2007 2022 2021 2032 2039 2042 2055 2054 2059 2062 2779 2780 2783 2784 2819 2818 2823 2830 2833 2838 2837 2880 2881 2884 2885 3006 3007 3008 3011 3012 3093 3092 3091 5710 5709 5708 5707 5704 5703 5702 5687 5686 5683 5682 5679 5678 5827 5828 5661 5660 5659 5648 5647 5642 5473 5472 5471 5470 5467 5482 5483 5488 5497 5498 5529 5526 5519 5520 5521 5542 5543 5546 5549 5550 5553 5554 5557 5560 5561 5572 5571 5568 5567 5568 5571 5570 0 6000 5999 5230 5229
0 0 0 0 0 0 0 0 0 0 941 940 939 938 937 932 931 762 761 760 775 778 783 814 813 812 809 808 793 800 801 802 835 836 667 666 841 842 845 846 657 652 653 648 647 638 637 636 635 2008 2009 2020 2033 2038 2043 2052 2053 2060 2061 2062 2781 2782 2785 2786 2817 2824 2829 2834 2835 2836 2895 2894 2887 2886 3005 3004 3009 3010 3013 3088 3089 3090 5711 5712 5715 5716 5717 5718 5701 5688 5685 5684 5681 5680 5825 5826 5829 5830 5831 5832 5833 5834 5641 5474 5475 5476 5469 5468 5481 5490 5489 5496 5495 5530 5525 5524 5523 5522 5541 5544 5545 5596 5595 5594 5555 5556 5575 5574 5573 5570 5569 5568 5569 5570 5571 5572 0 5998 5999 6000
0 0 0 0 0 0 0 0 738 737 736 737 738 743 744 753 754 755 758 759 776 777 784 785 786 811 810 791 792 799 798 797 670 669 668 665 664 663 662 659 658 651 650 649 630 631 632 633 634 625 2010 2019 2034 2037 2044 2051 2050 2049 2794 2793 2790 2789 2788 2787 2816 2825 2828 2829 2898 2897 2896 2893 2888 2889 3004 3003 3002 3001 3014 3087 3086 3087 5712 5713 5714 5723 5722 5719 5700 5689 5690 5691 5692 5693 5824 5821 5820 5839 5838 5837 5836 5835 5640 5639 5638 5477 5478 5479 5480 5491 5492 5493 5494 5531 5532 5535 5536 5537 5540 5599 5598 5597 5594 5593 5590 5589 5576 5577 5578 5579 5580 0 5570 5571 5572 5995 5996 5997 5998 6001
0 0 0 0 0 0 0 0 739 736 735 734 739 742 745 752 753 756 757 710 709 708 705 704 787 788 789 790 793 794 795 796 671 600 601 602 603 604 661 660 609 610 613 614 629 628 627 626 625 624 2011 2018 2035 2036 2045 2046 2047 2048 2795 2792 2791 2812 2813 2814 2815 2826 2827 2900 2899 2950 2951 2892 2891 2890 2979 2980 2999 3000 3015 3016 3085 3084 5727 5726 5725 5724 5721 5720 5699 5698 5697 5696 5695 5694 5823 5822 5819 5840 5841 5842 5843 5844 5845 5846 5637 5636 5635 5630 5629 5626 5625 5622 5621 5620 5533 5534 5535 5538 5539 5600 5601 5602 5603 5592 5591 5588 5587 5586 5585 5584 5581 5582 5583 5992 5993 5994 5995 5996 0 6002
0 0 0 0 0 0 0 0 0 737 732 733 740 741 746 751 750 719 718 711 712 707 706 703 702 691 690 689 680 679 676 675 672 599 598 597 574 605 606 607 608 611 612 615 616 619 620 621 622 623 2012 2017 2016 493 492 485 484 485 2796 2797 2798 2811 2810 2905 2904 2903 2902 2901 2948 2949 2952 2963 2964 2965 2978 2981 2998 3019 3018 3017 3082 3083 5728 5733 5734 5735 5736 5767 5768 5769 5770 5771 5772 5773 5814 5815 5818 5853 5852 5851 5850 5849 5848 5847 5864 5865 5634 5631 5628 5627 5624 5623 0 5619 5616 5615 5612 5611 5608 5607 5606 5605 5604 5905 5906 5909 5910 5587 5586 5583 5582 5583 5584 5991 0 5995 5994 5995 5996 0
0 0 0 0 0 0 0 0 0 738 731 732 727 726 747 748 749 720 717 716 713 698 699 700 701 692 687 688 681 678 677 674 673 594 595 596 573 572 571 570 569 568 567 556 617 618 529 528 527 526 2013 2014 2015 494 491 486 483 482 481 2798 2799 2808 2809 2906 2913 2914 2919 2920 2947 2954 2953 2962 0 2966 2977 2982 2997 3020 3021 3022 3081 3080 5729 5732 5739 5738 5737 5766 5779 5778 5777 5776 5775 5774 5813 5816 5817 5854 5855 5856 5857 5858 5859 5860 5863 5866 5633 5632 5873 5874 5879 5880 5881 5618 5617 5614 5613 5610 5609 5608 5901 5902 5903 5904 5907 5908 5911 5912 5913 5914 5583 5584 5989 5990 5993 5992 5993 5994 5995 5996
0 0 0 0 0 0 0 0 0 0 730 729 728 725 724 723 722 721 200 715 714 697 696 695 694 693 686 685 682 589 590 591 592 593 580 579 574 575 562 563 564 565 566 555 554 553 530 523 524 525 518 517 496 495 490 487 478 479 480 2801 2800 2807 2806 2907 2912 2915 2918 2921 2946 2955 2960 2961 2968 2967 2976 2983 2996 2995 3024 3023 3078 3079 5730 5731 5740 5741 5764 5765 5780 5781 5784 5785 5804 5805 5812 6075 6074 6073 6072 6071 6070 6069 6068 5861 5862 5867 5868 5869 5872 5875 5878 5883 5882 5619 5888 5889 5892 5893 5896 5897 5900 5923 5922 5921 5920 5919 5918 5917 5916 5915 5916 5987 5988 5989 5990 5991 5992 5999 5998 5997
0 0 0 0 0 0 0 10 0 0 11 10 197 196 195 196 197 198 199 200 201 202 203 204 205 206 207 684 683 588 587 584 583 582 581 578 577 576 561 560 559 558 557 556 553 552 531 522 521 520 519 516 497 496 489 488 477 468 467 2802 2803 2804 2805 2908 2911 2916 2917 2922 2945 2956 2959 2960 2969 2970 2975 2984 2985 2994 3025 3026 3077 3076 3075 5744 5743 5742 5763 5762 5781 5782 5783 5786 5803 5806 5811 6076 6077 6102 6103 6104 6107 6108 6067 6066 6065 6062 6061 5870 5871 5876 5877 5884 5885 5886 5887 5890 5891 5894 5895 5898 5899 5924 5925 5944 5945 5950 5951 5952 5975 5976 5985 5986 5989 5992 5993 5994 5993 0 5999 5998
0 0 0 0 0 0 0 9 8 0 0 9 198 0 194 193 176 175 170 169 166 165 164 163 208 207 212 213 216 217 586 585 250 251 252 255 256 261 262 543 544 545 546 547 550 551 532 511 512 513 514 515 498 499 474 475 476 469 466 465 462 461 460 2909 2910 2925 2924 2923 2944 2957 2958 2971 2970 2971 2974 0 2986 2993 3028 3027 3070 3071 3074 5745 5748 5749 5760 5761 5790 5789 5788 5787 5802 5807 5810 6079 6078 6101 6100 6105 6106 6109 6118 6119 6064 6063 6060 6059 6058 6057 6054 6053 6050 6049 6048 5933 5932 5931 5930 5929 5928 5927 5926 5943 5946 5949 5954 5953 5974 5977 5984 5985 5990 5991 5994 5995 5994 6001 6000 5999
0 0 0 0 0 0 0 0 7 8 7 8 9 190 191 192 177 174 171 168 167 160 161 162 209 210 211 214 215 218 221 222 249 248 253 254 257 260 263 542 541 540 539 548 549 534 533 510 509 506 505 502 501 500 473 472 471 470 465 464 463 458 459 2928 2927 2926 2933 2934 2943 2942 2943 2972 2971 2972 2973 2974 2987 2992 3029 3030 3069 3072 3073 5746 5747 5750 5759 5758 5791 5794 5795 5796 5801 5808 5809 6080 6081 6098 6099 6112 6111 6110 6117 6120 6121 6122 6123 6126 6127 6056 6055 6052 6051 6050 6047 5934 5935 5936 5937 5938 5939 5940 5941 5942 5947 5948 5955 5956 5973 5978 5983 5998 5997 5996 5995 5996 5999 6002 6003 6000
0 0 0 0 0 0 0 0 6 5 6 9 8 189 188 187 178 173 172 159 158 159 144 143 142 141 138 137 136 219 220 223 224 247 246 245 258 259 264 267 268 269 538 537 536 535 292 293 508 507 504 503 502 445 446 449 450 453 454 455 456 457 424 2929 2930 2931 2932 2935 2936 2941 2942 2973 0 2973 2974 2975 2988 2991 2992 3031 3068 3067 3066 3065 5752 5751 5756 5757 5792 5793 5794 5797 5800 6087 6086 6085 6082 6097 6098 6113 6114 6115 6116 6139 6138 6123 6124 6125 6128 6129 6130 6181 6182 6183 6046 6043 6042 6039 6038 6035 6034 5963 5962 5961 5960 5959 5958 5957 5972 5979 5982 5999 6002 6003 0 5997 5998 6003 6004 6001
0 0 0 0 0 0 0 0 5 4 5 6 7 0 185 186 179 180 155 156 157 146 145 120 121 140 139 136 135 134 133 132 225 242 243 244 237 236 265 266 97 270 271 272 273 290 291 294 295 440 441 442 443 444 447 448 451 452 453 428 427 424 423 418 417 414 413 2936 2937 2940 2941 2974 2975 2974 2975 2976 2989 2990 3033 3032 3045 3046 3063 3064 5753 5754 5755 5756 5793 6280 6279 5798 5799 6088 6089 6084 6083 6096 6145 6144 6143 6142 6141 6140 6137 6136 6135 6134 6133 6132 6131 6180 6185 6184 6045 6044 6041 6040 6037 6036 6033 5964 5965 5966 5967 5968 5969 5970 5971 5980 5981 6000 6001 6004 6001 6000 5999 6004 6005 6002
0 0 0 0 0 0 0 0 4 3 2 7 10 19 184 183 182 181 154 151 150 147 118 119 122 123 124 125 126 127 128 131 226 241 240 239 238 235 234 97 96 95 94 273 274 289 288 287 296 439 438 437 436 435 434 433 432 431 430 429 426 425 422 419 416 413 412 0 2938 2939 2940 0 2976 2975 2976 2977 2980 2981 3034 3035 3044 3047 3062 3059 3058 3057 6284 6283 6282 6281 6278 6277 6274 6273 6090 6091 6092 6095 6146 6147 6148 6149 6152 6153 6154 6155 6156 6157 6158 6177 6178 6179 6186 6187 6188 6201 6202 6205 6206 6207 6032 6029 6028 6025 6024 6023 6020 6019 6018 6015 6014 6007 6006 6005 6006 6007 6008 6009 6006 6007
0 0 0 0 0 0 0 0 3 2 1 8 9 18 19 20 45 46 153 152 149 148 117 116 115 114 113 112 111 110 129 130 227 228 229 230 231 232 233 98 97 92 93 276 275 284 285 286 297 340 341 344 345 348 349 350 363 364 367 368 375 376 421 420 415 414 411 0 2939 2940 409 2978 2977 2976 2979 2978 2979 2980 3035 3036 3043 3048 3061 3060 3057 3056 6285 6286 6287 6288 6289 6276 6275 6272 6269 6268 6093 6094 6095 6262 6261 6150 6151 6164 6163 6162 6161 6160 6159 6176 6193 6192 6191 6190 6189 6200 6203 6204 6209 6208 6031 6030 6027 6026 6025 6022 6021 6018 6017 6016 6013 6008 6009 6006 0 6008 0 6010 6009 6008
0 0 0 0 0 0 0 5 4 3 4 9 10 17 20 43 44 47 48 49 54 55 56 57 58 59 60 65 66 109 108 107 106 105 104 103 102 101 100 99 90 91 278 277 282 283 98 299 298 339 342 343 346 347 348 351 362 365 366 369 374 377 378 405 406 407 410 411 412 0 408 409 2982 2981 2980 2979 2980 3039 3038 3037 3042 3049 3050 3051 3054 3055 6302 6301 6300 6299 6290 6291 6292 6271 6270 6267 6266 6265 6264 6263 6260 6259 6258 6165 6168 6169 6172 6173 6174 6175 6194 6195 6196 6197 6198 6199 6216 6215 6210 6211 6212 6405 6406 6027 6410 6411 6412 6413 6414 6415 6012 6011 6010 6011 6012 6009 6698 6699 0 0
0 0 0 0 0 24 23 8 5 4 5 12 11 16 21 42 41 40 49 52 53 42 43 44 45 60 63 64 67 68 69 70 71 72 73 76 77 84 85 88 89 90 279 280 281 96 97 300 301 338 337 334 333 330 329 352 361 360 359 370 373 380 379 404 403 408 409 404 403 404 407 408 2983 2982 2981 2980 2981 3040 3039 3040 3041 3042 3043 3052 3053 3056 6303 6302 6303 6298 6297 6296 6293 6322 6323 6324 6331 6332 6333 6334 6335 6336 6257 6166 6167 6170 6171 6250 6249 6224 6223 6222 6221 6220 6219 6218 6217 6214 6213 6212 6403 6404 6407 6408 6409 6420 6419 6418 6417 6416 6013 6710 6709 6706 6705 6010 6697 6698 6699 0
0 0 0 0 0 0 22 7 6 7 6 13 14 15 22 29 30 39 50 51 40 41 48 47 46 61 62 63 64 65 68 69 72 73 74 75 78 83 86 87 88 89 90 93 94 95 98 99 302 303 336 335 332 331 328 353 356 357 358 371 372 381 382 383 402 401 400 401 402 405 406 407 2984 2983 2982 2983 2982 0 3040 3041 3042 0 0 3053 3054 3055 6306 6305 6304 6313 6314 6295 6294 6321 6326 6325 6330 6343 6342 0 6338 6337 6256 6255 6254 6253 6252 6251 6248 6225 6226 6227 6230 6231 6232 6397 6398 6399 6400 6401 6402 6425 6424 6423 6422 6421 6420 6733 6732 6731 6712 6711 6708 6707 6704 6703 6696 6697 0 0
0 0 0 0 23 22 21 10 9 8 9 10 11 24 23 28 31 38 37 36 39 50 49 56 57 60 61 62 63 66 67 70 71 74 75 76 79 82 85 86 87 88 91 92 109 108 107 100 101 304 305 324 325 326 327 354 355 332 333 0 373 382 385 384 397 398 399 400 401 0 407 408 2985 2986 2985 2984 0 420 421 0 3057 3056 3055 3054 0 3056 6307 6310 6311 6312 6315 6316 6319 6320 6327 6328 6329 6344 6341 6340 6339 6354 6355 6356 6359 6360 6361 6362 6247 6242 6241 6228 6229 6234 6233 6396 6431 6430 6429 6428 6427 6426 6755 6754 6753 6750 6749 6734 6729 6730 6713 6714 6699 6700 6701 6702 6695 6696 6695 6696
0 0 0 0 22 21 20 0 16 15 14 13 12 25 26 27 32 33 34 35 38 51 54 55 58 59 150 149 146 145 142 141 138 137 78 77 80 81 84 125 124 117 116 115 110 111 106 103 102 307 306 323 322 321 320 319 318 331 334 335 0 387 386 387 396 395 0 401 402 0 0 409 410 411 412 413 420 419 0 6589 6588 6587 3056 3055 3056 3057 6308 6309 6494 6493 6318 6317 6318 6487 6486 6347 6346 6345 6350 6351 6352 6353 6354 6357 6358 6365 6364 6363 6246 6243 6240 6239 6236 6235 6394 6395 6432 6433 6434 6435 6436 6437 6756 6753 6752 6751 6748 6735 6728 6727 6716 6715 6698 6697 6696 6695 6694 6693 6694 0
0 0 0 0 23 24 19 18 17 16 21 22 25 26 27 30 31 34 35 36 37 52 53 154 153 152 151 148 147 144 143 140 139 136 79 80 81 82 83 126 123 118 119 114 113 112 105 104 105 308 309 312 313 314 315 316 317 330 337 336 337 0 389 388 393 394 399 402 403 404 405 408 0 0 413 414 415 418 419 6590 6589 6586 3057 3058 3057 6310 6309 6496 6495 6492 6491 6490 6489 6488 6485 6484 6347 6348 6349 6478 6477 6474 6473 6372 6371 6366 6367 6246 6245 6244 6239 6238 6237 0 6393 6444 6443 6442 6441 6440 6439 6438 6757 6744 6745 6746 6747 6736 6725 6726 6717 6718 6685 6686 6689 6690 6691 6692 6693 6694
0 0 0 513 0 25 20 19 18 19 20 23 24 25 28 29 32 33 478 477 470 469 468 155 156 167 168 169 170 171 172 173 174 135 80 131 130 129 128 127 122 121 120 275 276 277 278 105 290 291 310 311 304 305 308 309 318 329 338 339 340 0 390 391 392 395 398 403 404 405 406 407 0 0 414 0 416 417 418 6591 6590 6585 6580 6577 6576 6499 6498 6497 6506 6507 6508 6509 6510 6521 6522 6483 6482 6481 6480 6479 6476 6475 6472 6373 6370 6369 6368 6379 6380 6383 6384 6387 6388 6391 6392 6445 6446 6447 6448 6449 6750 6751 6758 6743 6740 6739 6738 6737 6724 6723 6722 6719 6684 6687 6688 6689 6692 6693 6694 6695
0 514 513 512 0 26 21 20 0 490 489 488 487 486 485 484 483 482 479 476 471 472 467 158 157 166 181 180 179 178 177 176 175 134 133 132 211 212 213 214 215 216 217 274 273 272 279 280 289 292 293 302 303 306 307 310 311 328 341 340 347 348 349 392 393 396 397 398 405 406 407 408 409 414 413 414 415 0 419 6592 6583 6584 6579 6578 6575 6500 6501 6502 6505 6514 6513 6512 6511 6520 6523 6524 6527 6528 6531 6532 6533 6534 6471 6374 6375 6376 6377 6378 6381 6382 6385 6386 6389 6390 6455 6454 6453 6452 6451 6450 6749 6752 6757 6742 6741 6666 6667 6668 6671 6672 6721 6720 6683 6682 6685 6684 6693 6694 0 6696
0 0 0 511 510 509 508 507 506 491 490 491 492 493 494 495 482 481 480 475 474 473 466 159 160 165 182 183 190 191 192 193 202 203 208 209 210 221 220 219 218 217 252 253 254 271 270 281 288 293 294 301 316 315 314 313 312 327 342 343 346 347 348 393 0 0 398 399 0 0 0 409 410 411 412 415 418 419 420 6593 6582 6581 6580 6573 6574 6569 6568 6503 6504 6515 6516 6517 6518 6519 6520 6525 6526 6529 6530 6539 6538 6535 6470 6469 6468 6467 6466 6465 6464 6463 6462 6461 6460 6457 6456 6739 6740 6741 6742 6451 6748 6753 6756 6663 6664 6665 6666 6669 6670 6673 6674 6675 6680 6681 6682 6683 6696 6695 6696 6697
0 0 0 0 0 508 507 506 505 492 501 500 499 498 497 496 513 514 515 516 517 518 465 162 161 164 185 184 189 196 195 194 201 204 207 226 225 222 237 238 239 250 251 256 255 268 269 282 287 296 295 300 317 320 321 324 325 326 343 344 345 348 349 394 395 0 0 0 0 0 0 0 411 412 417 416 417 0 3983 6594 6597 6598 6599 6572 6571 6570 6567 6562 6561 6560 6557 6556 6553 6552 6549 6548 6545 6544 6541 6540 6537 6536 6699 6700 6703 6704 6707 6708 6719 6720 6721 6722 6459 6458 6737 6738 6543 6544 6743 6744 6747 6754 6755 6662 6661 6660 6659 6658 6657 6614 6613 6676 6679 6680 6681 6682 6697 6698 6699 6698
0 0 0 0 0 0 508 0 504 503 502 503 504 507 508 511 512 523 522 521 520 519 464 463 162 163 186 187 188 197 198 199 200 205 206 227 224 223 236 239 240 249 248 257 258 267 266 283 286 297 298 299 318 319 322 323 360 359 356 355 354 349 350 351 352 0 0 0 0 0 0 413 412 413 0 3981 3980 3981 3982 6595 6596 6599 6600 6601 6604 6605 6566 6565 6562 6559 6558 6555 6554 6551 6550 6547 6546 6543 6542 6695 6696 6697 6698 6701 6702 6705 6706 6709 6718 6725 6724 6723 6734 6735 6736 6541 6542 6545 6546 6745 6746 6645 6646 6649 6650 6653 6654 6655 6656 6615 6612 6677 6678 6679 0 0 0 0 6700 6701
0 0 0 0 0 0 0 0 505 504 0 504 505 506 509 510 0 524 525 526 527 528 529 462 461 460 459 458 457 454 453 0 449 448 229 228 233 234 235 242 241 242 247 260 259 264 265 284 285 368 367 366 365 364 363 362 361 358 357 354 353 350 353 352 353 3654 3653 3654 0 3652 3653 414 413 3956 3981 3980 3979 3980 3979 3980 6597 6598 6599 6602 6603 6606 6607 6564 6563 6650 6651 6652 6653 6654 6655 6656 6657 6658 6693 6694 6467 6468 6471 6472 6475 6712 6711 6710 6717 6726 6729 6730 6733 6538 6539 6540 0 6548 6547 6552 6553 6644 6647 6648 6651 6652 6621 6620 6619 6616 6611 6610 6611 6610 6609 6610 0 0 0 6702
0 0 0 0 0 0 0 0 506 505 506 505 646 645 644 643 642 641 640 639 636 635 530 531 532 533 534 535 456 455 452 451 450 447 230 231 232 441 440 243 244 245 246 261 262 263 420 419 418 369 370 371 374 375 378 379 382 383 384 385 352 351 352 353 354 3653 3652 3651 3650 3651 3652 3653 3656 3955 3956 3977 3978 0 3978 6627 6626 6605 6604 6603 6610 6609 6608 6645 6646 6649 6668 6667 6666 6665 6664 6663 6660 6659 6692 6465 6466 6469 6470 6473 6474 6713 6714 6715 6716 6727 6728 6731 6732 6537 6536 6535 6534 6549 6550 6551 6554 6643 6642 6641 6640 6637 6636 6621 6618 6617 6608 6609 6610 6609 6608 6609 0 0 0 0
0 0 0 0 0 0 0 0 507 508 507 508 647 648 649 660 661 664 665 638 637 634 633 632 631 630 629 536 537 538 539 540 541 446 445 444 443 442 439 438 437 436 435 430 429 422 421 416 417 410 409 372 373 376 377 380 381 392 391 386 387 352 353 354 355 356 357 3650 3649 0 3653 3654 3655 3954 3955 3976 3977 3978 3977 0 6625 6624 6605 6612 6611 6612 6613 6644 6647 6648 6669 6670 6681 6682 6683 6662 6661 6690 6691 6464 6463 6452 6451 6450 6475 6476 6477 6480 6481 6486 6487 6496 6497 6530 6531 6532 6533 6522 6521 6520 6555 6556 6559 6560 6639 6638 6635 6622 6597 6598 6607 6606 6605 0 6607 6608 0 0 0 0
0 0 0 0 0 0 0 0 512 511 508 509 652 651 650 659 662 663 666 667 670 671 674 675 676 627 628 613 612 609 608 607 542 543 544 545 546 547 550 551 552 553 434 431 428 423 424 415 414 411 408 407 400 399 398 395 394 393 390 389 388 0 354 355 356 357 3652 3651 3648 3647 3648 3951 3952 3953 3954 3975 3974 3975 3976 3977 6624 6623 6620 6619 6618 6615 6614 6643 6210 6211 6212 6671 6680 6679 6684 6685 6688 6689 6460 6461 6462 6453 6448 6449 6444 6443 6478 6479 6482 6485 6488 6495 6498 6529 6528 6527 6526 6523 6518 6519 6516 6557 6558 6561 6630 6631 6634 6623 6596 6599 6600 6601 6604 6605 6606 6609 6610 0 0 0
0 0 0 0 0 0 0 512 511 510 509 510 653 654 657 658 959 958 685 668 669 672 673 678 677 626 615 614 611 610 605 606 573 572 571 570 569 548 549 556 555 554 433 432 427 426 425 414 413 412 409 406 401 402 397 396 759 760 761 762 763 786 787 356 0 3654 3653 3652 3645 3646 3647 3950 3953 3954 3955 3974 3973 3972 3977 3978 3979 6622 6621 6620 6617 6616 6641 6642 6209 6212 6673 6672 6677 6678 6235 6686 6687 6238 6459 6458 6455 6454 6447 6446 6445 6442 6441 6430 6483 6484 6489 6494 6499 6500 6503 6504 6525 6524 6517 6516 6515 6564 6563 6562 6629 6632 6633 6624 6595 6594 6593 6602 6603 0 6607 6610 6611 6612 0 0
0 0 0 0 0 515 514 513 512 511 510 511 654 655 656 961 960 957 684 683 682 681 680 679 678 625 616 617 618 619 604 603 574 575 576 577 568 567 566 557 558 555 722 723 428 731 732 743 744 747 748 405 404 403 398 757 758 769 768 767 764 785 788 789 790 793 794 795 3644 3645 3646 3949 3954 3955 3956 3957 0 3971 3972 3973 3980 6623 6624 6625 6638 6639 6640 6207 6208 6213 6674 6675 6676 6235 6234 6235 6236 6237 6240 6457 6456 6253 6436 6437 6438 6439 6440 6429 6428 6427 6490 6493 6494 6501 6502 6505 6508 6509 6510 6515 6514 6565 6566 6567 6628 6627 6626 6625 6590 6591 6592 6605 6604 6609 6610 0 0 0 0 0
0 0 0 0 0 990 989 988 983 982 511 512 655 968 967 966 961 956 685 686 687 688 689 692 693 624 623 622 621 620 601 602 593 592 591 578 579 580 565 564 559 560 721 724 729 730 733 742 745 746 749 750 753 754 755 756 771 770 767 766 765 784 783 790 791 792 795 796 3643 3644 3647 3948 3947 3956 3967 3968 3969 3970 3971 3972 6629 6628 6627 6626 6637 6636 6201 6206 6205 6214 6217 6218 6221 6222 6233 6232 6231 6238 6239 6250 6251 6252 6435 6434 6433 6432 6431 6430 6425 6426 6491 6492 6419 6418 6503 6506 6507 6508 6511 6512 6513 6408 6407 6568 6569 6574 6575 6588 6589 6590 6593 6606 6607 6608 0 0 0 0 0 0
0 0 0 0 992 991 986 987 982 981 512 0 656 969 970 965 962 955 952 951 948 947 690 691 694 695 696 697 700 701 600 599 594 595 590 587 586 581 582 563 562 561 720 725 728 735 734 741 818 817 816 751 752 811 810 809 772 773 774 777 778 781 782 795 794 793 794 795 3642 3643 3648 3945 3946 3957 3966 3973 3972 3971 3972 0 6630 6629 6630 6631 6634 6635 6200 6201 6204 6215 6216 6219 6220 6223 6224 6225 6230 6229 6240 6249 6248 6253 6254 6257 6258 6259 6260 6261 6424 6423 6422 6421 6420 6417 6416 6415 6414 6413 6412 6411 6410 6409 6406 6405 6570 6573 6576 6587 6586 6585 5864 6607 6608 0 0 0 0 0 0 0
0 0 997 996 993 992 985 984 983 980 979 658 657 972 971 964 963 954 953 950 949 946 941 940 939 936 935 698 699 702 703 598 597 596 589 588 585 584 583 0 715 716 719 726 727 736 737 740 819 820 815 814 813 812 809 808 805 804 775 776 779 780 797 796 3607 3608 3619 3620 3641 3640 3649 3944 3959 3958 3965 3974 3975 3974 3973 3974 0 6630 6631 6632 6633 6198 6199 6202 6203 6192 6191 6190 6189 6186 6185 6226 6227 6228 6241 6242 6247 6246 6255 6256 6155 6154 6155 6262 6263 6310 6311 6312 6313 6314 6317 6318 6391 6392 6393 6394 6395 6402 6403 6404 6571 6572 6577 6580 6581 6584 5863 5862 5861 5862 5863 5864 5865 0 0 0
1000 999 996 995 994 995 1002 1003 1006 1007 978 977 974 973 1044 1045 1046 1055 1056 1057 1058 945 942 941 938 937 934 933 930 929 704 705 706 707 708 709 710 711 712 713 714 717 718 901 900 899 738 739 822 821 826 827 828 831 832 807 806 803 802 801 800 799 798 797 3606 3609 3618 3621 3622 3639 3650 3943 3960 3963 3964 3975 3992 3993 3974 3975 3998 3999 4594 4595 4596 6197 6196 6195 6194 6193 4610 4611 6188 6187 6184 6183 6182 6167 6166 6243 6244 6245 6158 6157 6156 6153 6152 6265 6264 6309 6308 6307 6304 6315 6316 6319 6390 6389 6388 6387 6396 6401 6400 6373 6372 6371 6578 6579 6582 6583 5862 5861 5860 5861 5862 5853 5852 5853 0 0
999 998 997 996 997 996 1001 1004 1005 1008 1009 976 975 1042 1043 1048 1047 1054 1061 1060 1059 944 943 1086 1087 1088 1089 932 931 928 927 926 925 924 923 922 921 920 919 918 913 912 903 902 899 898 883 882 823 824 825 828 829 830 833 834 835 836 837 838 839 2936 2937 3604 3605 3610 3617 3616 3623 3638 3651 3942 3961 3962 3977 3976 3991 3994 3995 3996 3997 3998 4593 4594 4597 4598 4599 4600 4601 4608 4609 4612 4613 6176 6177 6178 6181 6168 6165 6162 6161 6160 6159 6146 6147 6150 6151 6266 6267 6270 6271 6306 6303 6302 6301 6320 6321 6322 6385 6386 6397 6398 6399 6374 6371 6370 6357 6356 6355 5864 5863 5858 5859 5860 5851 5850 5851 5852 0 0
1000 999 998 999 998 999 1000 0 1012 1011 1010 1029 1030 1041 1040 1049 1050 1053 1062 1063 1078 1079 1084 1085 1092 1091 1090 1103 1104 1109 1110 1115 1116 1117 1118 1119 1120 1121 920 917 914 911 904 905 896 897 884 881 870 869 868 853 852 849 848 845 844 843 842 841 840 2935 2938 3603 3602 3611 3616 3615 3624 3637 3652 3941 3940 3979 3978 3979 3990 4001 4000 3997 4038 4039 4592 4591 4590 4589 4588 4587 4602 4607 4606 4615 4614 6175 6174 6179 6180 6169 6164 6163 6142 6143 6144 6145 6148 6149 6132 6131 6268 6269 6272 6305 6304 6301 6300 6299 6298 6323 6384 6383 6382 6377 6376 6375 6368 6369 6358 6355 6354 5865 5856 5857 5858 5851 5850 5849 5850 5851 5852 0
0 1000 1001 1000 1001 1000 1001 1014 1013 1018 1019 1028 1031 1032 1039 1040 1051 1052 1065 1064 1077 1080 1083 1094 1093 1098 1099 1102 1105 1108 1111 1114 1133 1132 1131 1130 1129 1122 1123 916 915 910 907 906 895 894 885 880 871 870 867 854 851 850 847 846 845 2926 2927 2930 2931 2934 2939 3600 3601 3612 3613 3614 3625 3636 3653 3938 3939 3980 3981 3988 3989 4002 3999 3998 4037 4040 4041 4568 4567 4568 4569 4586 4603 4604 4605 4616 4617 4618 6173 6172 6171 6170 6083 6084 6141 6140 6139 6138 6137 6136 6133 6130 6129 6128 6273 6274 6275 6278 6279 6296 6297 6324 6325 6382 6381 6378 6365 6366 6367 6360 6359 6352 6353 5866 5855 5852 5851 5850 5849 5848 5849 5848 5851 5850
0 0 1002 1001 1002 1001 1002 1015 1016 1017 1020 1027 1026 1033 1038 1069 1068 1067 1066 1075 1076 1081 1082 1095 1096 1097 1100 1101 1106 1107 1112 1113 1134 1135 1136 1137 1128 1125 1124 1151 1152 909 908 893 892 893 886 879 872 873 866 855 856 857 2922 2923 2924 2925 2928 2929 2932 2933 2940 3599 3596 3595 3594 3627 3626 3635 3654 3937 3936 3935 3982 3987 3986 4003 4004 4035 4036 4041 4042 4565 4566 4569 4570 4585 4584 4583 4582 4581 4620 4619 6054 6055 6056 0 6082 6085 6086 6087 6090 6091 6092 6135 6134 6125 6126 6127 6118 6117 6276 6277 6280 6295 6292 6291 6326 6327 6380 6379 6364 6363 6362 6361 6350 6351 0 5867 5854 5853 5850 5849 5848 5847 5846 5847 5848 5849
0 0 1003 1006 1007 1004 1003 1006 1017 0 1021 1024 1025 1034 1037 1070 1071 1072 1073 1074 1075 1228 1227 1220 1219 1218 1211 1210 1209 1202 1201 1200 1141 1140 1139 1138 1127 1126 1149 1150 1153 1154 1155 1156 891 888 887 878 875 874 865 862 861 858 2921 2920 2913 2912 2949 2948 2945 2944 2941 3598 3597 3592 3593 3628 3629 3634 3655 3658 3659 3934 3983 3984 3985 4006 4005 4034 4047 4046 4043 4564 4563 4562 4571 4572 4573 4576 4577 4580 4621 6052 6053 6054 6057 6058 6081 6080 6079 6088 6089 6094 6093 6098 6099 6124 6123 6120 6119 6116 6115 6114 6281 6294 6293 6290 6289 6328 6331 6332 6345 6346 6347 6348 6349 5870 5869 5868 5833 5834 5835 5838 5839 5844 5845 5846 0 5850
0 1005 1004 1005 1006 0 1004 1005 1024 1023 1022 1023 1024 1035 1036 1253 1252 1233 1232 1231 1230 1229 1226 1225 1220 1217 1212 1213 1208 1203 1204 1199 1142 1143 1144 1145 1146 1147 1148 1185 1184 1159 1158 1157 890 889 878 877 876 877 864 863 860 859 2918 2919 2914 2911 2950 2947 2946 2943 2942 3583 3584 3591 3590 3589 3630 3633 3656 3657 3660 3933 3932 4009 4008 4007 4032 4033 4048 4045 4044 4559 4560 4561 4554 4553 4574 4575 4578 4579 4622 6051 6050 6047 6046 6059 6060 6061 6078 6077 6076 6095 6096 6097 6100 6101 6122 6121 6120 6111 6112 6113 6282 6283 6284 6287 6288 6329 6330 6333 6344 6343 6342 6341 6340 5871 5870 5831 5832 5835 5836 5837 5840 5843 5844 0 0 0
0 0 1007 1006 0 0 1027 1026 1025 1024 1023 1024 1025 1256 1255 1254 1251 1234 1235 1236 1237 1238 1239 1224 1221 1216 1215 1214 1207 1206 1205 1198 1197 1196 1195 1192 1191 1188 1187 1186 1183 1160 1161 1162 1163 1164 1165 1166 1167 2514 2515 2518 2519 2520 2917 2916 2915 2910 2951 2952 2953 3580 3581 3582 3585 3586 3587 3588 3631 3632 3665 3664 3661 3930 3931 4010 4011 4012 4031 4032 4049 4050 4051 4558 4557 4556 4555 4552 4551 4550 4549 4548 4623 4624 6049 6048 6045 6044 6043 6062 6065 6066 6075 6074 6073 6072 6103 6102 6107 6108 6109 6110 6111 5970 5969 5968 6285 6286 5919 5918 5917 6334 6335 6336 6337 6338 6339 5872 5873 5830 5829 5828 5829 5828 5841 5842 5845 0 0 0
0 0 0 0 0 0 0 1027 0 1025 1024 1025 1028 1257 1258 1259 1250 1247 1246 1243 1242 1241 1240 1223 1222 1287 1288 1293 1294 1297 1298 1299 1310 1311 1194 1193 1190 1189 1324 1325 1182 1181 1180 1179 1178 1177 1172 1171 1168 2513 2516 2517 2520 2535 2536 2907 2908 2909 2956 2955 2954 3579 3578 3577 3576 3575 3574 3573 3572 3667 3666 3663 3662 3929 3928 3927 4014 4013 4030 4029 4052 4051 4362 4363 4366 4367 4370 4371 4372 4533 4534 4547 4546 4625 4626 6039 6040 6041 6042 6063 6064 6067 6068 6069 6070 6071 6104 6105 6106 5981 5980 5977 5976 5971 5972 5967 5966 5967 5920 5915 5916 0 5888 5887 5878 5877 5876 5875 5874 5821 5822 5827 5826 5827 5842 5843 5836 0 0 0
0 0 0 0 0 0 1453 1452 1449 1448 1027 1026 1027 1262 1261 1260 1249 1248 1245 1244 1271 1272 1277 1278 1279 1286 1289 1292 1295 1296 1301 1300 1309 1312 1315 1316 1319 1320 1323 1326 1329 1330 1333 1334 1335 1176 1173 1170 1169 2512 2523 2522 2521 2534 2537 2906 2905 2904 2957 2958 2959 3550 3551 3552 3553 3554 3557 3558 3571 3668 3669 3672 3673 3692 3693 3926 4015 4016 4027 4028 4053 4056 4361 4364 4365 4368 4369 4372 4531 4532 4535 4544 4545 4628 4627 6038 6037 6036 6035 6034 6033 6032 6031 6030 6029 6028 6027 5988 5987 5982 5979 5978 5975 5974 5973 5964 5965 5922 5921 5914 5913 5890 5889 5886 5879 5806 5807 5808 5819 5820 5823 5824 5825 5826 5827 5828 5835 5834 0 0
0 0 0 0 0 0 0 1451 1448 1447 1448 1027 1028 1263 1264 1265 1266 1267 1268 1269 1270 1273 1276 1281 1280 1285 1290 1291 1296 1303 1302 1307 1308 1313 1314 1317 1318 1321 1322 1327 1328 1331 1332 1335 1336 1175 1174 2507 2508 2511 2524 2525 2532 2533 2538 2899 2900 2903 2962 2961 2960 3549 3546 3545 3554 3555 3556 3559 3570 3569 3670 3671 3674 3691 3694 3925 4016 4017 4026 4027 4054 4055 4360 4357 4356 4375 4374 4373 4530 4529 4536 4543 4544 4629 4630 4641 4642 6017 6018 6019 6020 6021 6022 6023 6024 6025 6026 5989 5986 5983 5958 5959 5960 5961 5962 5963 5930 5923 5924 5911 5912 5891 5892 5885 5880 5805 5804 5809 5818 5817 5816 5815 0 5827 0 5829 5832 5833 0 5755
0 0 0 0 0 0 1451 1450 1449 1446 1447 1442 1441 1440 1437 1436 1433 1432 1431 1428 1427 1274 1275 1282 1283 1284 1419 1418 1417 1304 1305 1306 1357 1356 1355 1354 1353 1352 1351 1350 1349 1348 1347 1346 1337 1338 2505 2506 2509 2510 2525 2526 2531 2530 2539 2898 2901 2902 2963 2964 2967 3548 3547 3544 3543 3542 3541 3560 3561 3568 3677 3676 3675 3690 3695 3924 4019 4018 4025 4058 4057 4056 4359 4358 4355 4376 4377 4378 4379 4528 4537 4542 4541 4630 4639 4640 4643 6016 6015 6014 6013 6012 6011 6010 6009 6008 6007 5990 5985 5984 5957 5956 5955 5954 5953 5930 5929 5926 5925 5910 5909 5896 5893 5884 5881 5802 5803 5810 5811 5812 5813 5814 5761 5762 5751 5830 5831 5752 5753 5754
0 0 0 0 0 1453 0 0 1446 1445 1444 1443 1442 1439 1438 1435 1434 1431 1430 1429 1426 1425 1424 1423 1422 1421 1420 1415 1416 1411 1410 1359 1358 1359 1360 1361 1362 1363 1364 1365 1366 1367 1368 1345 1340 1339 2504 2503 2502 2501 2500 2527 2528 2529 2540 2897 2896 2895 2894 2965 2966 2967 3534 3533 3534 3541 3540 3539 3562 3567 3678 3679 3680 3689 3696 3923 4020 4021 4024 4059 4062 4063 4352 4353 4354 4381 4380 4379 4526 4527 4538 4539 4540 4631 4638 4645 4644 4681 4680 4681 5584 5585 6002 6003 6004 6005 6006 5991 5946 5947 5948 5949 5950 5951 5952 5931 5928 5927 5906 5907 5908 5895 5894 5883 5882 5801 5800 5799 5796 5795 5796 5761 5760 5751 5750 0 5752 5751 5752 5755
1461 1460 1457 1456 1453 1452 1451 1450 1447 1446 1447 1448 1449 1460 1461 1462 1467 1468 1469 1470 1471 1482 1483 1486 1487 1488 1489 1414 1413 1412 1409 1408 1385 1384 1383 1382 1381 1380 1375 1374 1371 1370 1369 1344 1341 2474 2475 2476 2479 2480 2499 2550 2549 2548 2541 2542 2543 0 2893 2892 2891 2968 3531 3532 3535 3536 3537 3538 3563 3566 3683 3682 3681 3688 3697 3922 3921 4022 4023 4060 4061 4064 4351 4350 4349 4382 4383 4384 4525 4524 4521 4520 4519 4632 4637 4646 4649 4650 4679 4682 5583 5586 6001 6000 5997 5996 5995 5992 5945 5944 5943 5940 5939 5936 5935 5932 5903 5904 5905 5898 5897 5896 5781 5782 5783 5788 5789 5798 5797 5794 5763 5762 5759 5752 5749 5750 5749 5750 0 5756
1460 1459 1458 1455 1454 1453 1452 1449 1448 1447 1448 1451 1450 1459 1458 1463 1466 1475 1474 1473 1472 1481 1484 1485 1502 1501 1490 1491 1492 1493 1494 1407 1386 1387 1388 1389 1390 1379 1376 1373 1372 1719 1720 1343 1342 2473 2472 2477 2478 2481 2498 2551 2552 2547 2546 2545 2544 2677 2678 2889 2890 2969 3530 3529 3528 3525 3524 3523 3564 3565 3684 3685 3686 3687 3698 3699 3920 3919 3918 4067 4066 4065 4074 4075 4348 4347 4386 4385 4386 4523 4522 4517 4518 4633 4636 4647 4648 4651 4678 4683 5582 5587 5588 5999 5998 5995 5994 5993 5598 5599 5942 5941 5938 5937 5934 5933 5902 5901 5900 5899 5778 5779 5780 0 5784 5787 5790 5791 5792 5793 5764 5757 5758 5753 5748 5749 5748 5749 5750 5757
1459 1458 1457 1456 1455 1452 1451 1450 1449 1448 1453 1452 1453 1456 1457 1464 1465 1476 1477 1478 1479 1480 1505 1504 1503 1500 1499 1498 1497 1496 1495 1406 1401 1400 1393 1392 1391 1378 1377 1710 1711 1718 1721 1722 1723 1724 2471 2484 2483 2482 2497 2554 2553 2648 2649 2672 2673 2676 2679 2888 2887 2970 2975 2976 3527 3526 3525 3522 3521 3520 3519 3706 3705 3704 3701 3700 3915 3916 3917 4068 4071 4072 4073 4076 4345 4346 4387 4388 4447 4448 4449 4516 4515 4634 4635 4654 4653 4652 4677 4684 5581 5580 5589 5590 5591 5592 5593 5596 5597 5600 5611 5612 5613 5614 5623 5624 5625 5626 5631 5632 5777 5776 5775 5774 5785 5786 5769 5768 5767 5766 5765 5756 5755 5754 5747 5746 5747 5748 5759 5758
1460 1459 1458 1459 1460 1453 1454 0 1450 1449 1574 1573 1454 1455 1566 1565 1548 1547 1546 1545 1544 1543 1506 1507 1508 1509 1514 1515 1518 1519 1520 1405 1402 1399 1394 1395 1700 1701 1702 1709 1712 1717 1728 1727 1726 1725 2470 2485 2486 2495 2496 2555 2556 2647 2650 2671 2674 2675 2680 0 2886 2971 2974 2977 2980 2981 3508 3509 3510 3511 3518 3707 3708 3703 3702 3703 3914 3913 3912 4069 4070 4079 4078 4077 4344 4343 4388 4389 4446 4447 4450 4451 4514 4513 4656 4655 4656 4675 4676 4685 5578 5579 5574 5573 5572 5571 5594 5595 5602 5601 5610 5609 5608 5615 5622 5621 5620 5627 5630 5633 5634 5705 5706 5773 5772 5771 5770 5727 5728 5731 5732 5739 5740 5743 5744 5745 5746 5747 5760 5761
1461 1460 1459 1460 1461 0 1455 1456 1457 1576 1575 1572 1571 1456 1567 1564 1549 1550 1551 1552 1553 1542 1541 1538 1537 1510 1513 1516 1517 1522 1521 1404 1403 1398 1397 1396 1699 1704 1703 1708 1713 1716 1729 2434 2435 2436 2469 2468 2487 2494 2493 2558 2557 2646 2651 2670 2669 2682 2681 2884 2885 2972 2973 2978 2979 2982 3507 3506 3513 3512 3517 3710 3709 0 3907 3908 3909 3910 3911 4082 4081 4080 4095 4096 4127 4342 4341 4390 4445 4444 4443 4452 0 4512 4657 4662 4663 4674 4687 4686 5577 5576 5575 5562 5563 5570 5569 5568 5603 5604 5605 5606 5607 5616 5617 5618 5619 5628 5629 5636 5635 5704 5707 5708 5723 5724 5725 5726 5729 5730 5733 5738 5741 5742 0 5694 5693 5694 0 0
1462 1461 1462 1461 1462 1457 1456 1457 1460 1577 1578 1579 1570 1569 1568 1563 1562 1561 1560 1559 1554 1555 1540 1539 1536 1511 1512 1529 1528 1523 1524 1693 1694 1695 1696 1697 1698 1705 1706 1707 1714 1715 1730 2433 2438 2437 2466 2467 2488 2489 2492 2559 2560 2645 2652 2667 2668 2683 2682 2883 2882 2881 2986 2985 2984 2983 3504 3505 3514 3515 3516 3711 3760 3761 3906 3905 3904 3903 3902 4083 4088 4089 4094 4097 4126 4127 4340 4391 4440 4441 4442 4453 4454 4511 4658 4661 4664 4673 4688 4689 4690 5549 5550 5561 5564 5565 5566 5567 5534 5533 5532 5531 5522 5521 5516 5515 5510 5509 5510 5637 5638 5703 5702 5709 5722 5721 5720 5719 5718 5717 5734 5737 5738 5739 5692 5691 5692 5693 0 0
1463 1462 1463 1464 1463 0 1457 1458 1459 1578 1579 1580 1581 1586 1587 1588 1589 1610 1611 1558 1557 1556 1633 1634 1535 1534 1531 1530 1527 1526 1525 1692 1747 1746 1745 1742 1741 1738 1737 1734 1733 1732 1731 2432 2439 2440 2465 2464 2463 2490 2491 2562 2561 2644 2653 2666 2685 2684 2871 2872 2879 2880 2987 2988 3365 3366 3503 3502 3501 3714 3713 3712 3759 3762 3763 3814 3815 3816 3901 4084 4087 4090 4093 4098 4125 4128 4339 4392 4439 4438 4435 4434 4455 4510 4659 4660 4665 4672 4693 4692 4691 5548 5551 5560 5559 5558 5557 0 5535 5528 5529 5530 5523 5520 5517 5514 5511 5508 5507 5506 5639 5700 5701 5710 5711 5712 5713 5714 5715 5716 5735 5736 0 0 5689 5690 0 5694 0 0
0 0 1464 1461 1460 1459 1458 1459 1462 1579 1580 1581 1582 1585 1592 1591 1590 1609 1612 1613 1614 1631 1632 1635 1636 1533 1532 1675 1676 1679 1680 1691 1748 1747 1744 1743 1740 1739 1736 1735 1734 2419 2420 2431 2442 2441 2460 2461 2462 2565 2564 2563 2634 2643 2654 2665 2686 2869 2870 2873 2878 2877 2990 2989 3364 3367 3496 3497 3500 3715 3716 3717 3758 3765 3764 3813 3816 3899 3900 4085 4086 4091 4092 4099 4124 4129 4338 4393 4396 4437 4436 4433 4456 4509 4508 4667 4666 4671 4694 4695 5546 5547 5552 5553 5554 5555 5556 5537 5536 5527 5526 5525 5524 5519 5518 5513 5512 5501 5502 5505 5640 5699 5698 5697 5694 5693 5692 5689 5688 5687 5688 0 5686 5687 5688 5689 0 0 0 0
0 0 0 0 0 0 1459 1460 1461 0 1581 1582 1583 1584 1593 1606 1607 1608 1617 1616 1615 1630 1645 1644 1637 1638 1639 1674 1677 1678 1681 1690 1749 1750 1751 1752 1753 1754 1755 2412 2413 2418 2421 2430 2443 2444 2459 2458 2457 2566 2631 2632 2633 2642 2655 2664 2687 2868 2869 2874 2875 2876 2991 3362 3363 3368 3495 3498 3499 3720 3719 3718 3757 3766 3767 3812 3817 3898 3897 3896 4103 4102 4101 4100 4123 4130 4337 4394 4395 4406 4407 4432 4457 4458 4507 4668 4669 4670 4697 4696 5545 5544 5543 5542 5541 5540 5539 5538 5247 5248 5493 5494 5495 5496 5497 5498 5499 5500 5503 5504 5641 5644 5645 5696 5695 5692 5691 5690 5689 5686 5685 5684 5685 5686 5687 5688 0 0 0 0
0 0 0 0 0 0 0 1461 1462 1463 1582 1583 1596 1595 1594 1605 1620 1619 1618 1625 1626 1629 1646 1643 1642 1641 1640 1673 1684 1683 1682 1689 1762 1761 1760 1759 1758 1757 1756 2411 2414 2417 2422 2429 2428 2445 2450 2451 2456 2567 2630 2629 2634 2641 2656 2663 2688 2867 2996 2995 2994 2993 2992 3361 3360 3369 3494 3493 3722 3721 3728 3729 3756 3755 3768 3811 3818 3823 3824 3895 4104 4107 4108 4109 4122 4131 4336 4397 4396 4405 4408 4431 4430 4459 4506 4505 4700 4699 4698 4761 4762 4765 4766 4785 4786 5241 5242 5243 5246 5249 5492 5491 5490 5489 5488 5487 5486 5485 5484 5483 5642 5643 5646 5647 5668 5669 5670 5671 5672 5673 5684 5683 5684 5685 5688 5689 0 0 0 0
0 0 0 0 0 0 1465 1464 1463 1464 1583 1584 1597 1598 1599 1604 1621 1622 1623 1624 1627 1628 1647 1648 1659 1660 1661 1672 1685 1686 1687 1688 1763 1764 1765 1766 2305 2306 2409 2410 2415 2416 2423 2426 2427 2446 2449 2452 2455 2568 2569 2628 2635 2640 2657 2662 2689 2866 2997 2998 2999 3000 3355 3356 3359 3370 3371 3492 3723 3726 3727 3730 3731 3754 3769 3810 3819 3822 3825 3894 4105 4106 4109 4120 4121 4132 4335 4398 4403 4404 4409 4410 4429 4460 4503 4504 4701 4714 4715 4760 4763 4764 4767 4784 4787 5240 5239 5244 5245 5250 5467 5468 5469 5470 5473 5474 5477 5478 5481 5482 0 5446 5445 5648 5667 5666 5665 5664 5663 5674 5681 5682 5683 5682 5689 5690 5399 0 0 0
0 0 0 0 0 0 0 1591 1590 1589 1588 1585 1598 1599 1600 1603 1844 1843 1842 1841 1652 1651 1650 1649 1658 1663 1662 1671 1798 1797 1796 1771 1770 1769 1768 1767 2304 2307 2408 2407 2406 2405 2424 2425 2426 2447 2448 2453 2454 2571 2570 2627 2636 2639 2658 2661 2690 2865 2864 3003 3002 3001 3354 3357 3358 3351 3372 3491 3724 3725 3734 3733 3732 3753 3770 3809 3820 3821 3826 3893 3892 3891 4110 4119 4118 4133 4334 4399 4402 4413 4412 4411 4428 4461 4502 4703 4702 4713 4716 4759 4770 4769 4768 4783 4788 4789 5238 5237 5236 5251 5466 5465 5470 5471 5472 5475 5476 5479 5480 5449 5448 5447 5444 5649 5650 5651 5652 5661 5662 5675 5680 5679 5680 5681 5682 5399 5398 0 0 5399
0 0 0 0 0 0 0 1592 1591 0 1587 1586 1599 1600 1601 1602 1845 1846 1847 1840 1653 1654 1655 1656 1657 1664 1665 1670 1799 1800 1795 1772 1773 1776 1777 1778 2303 2308 2397 2398 2399 2404 2403 2578 2577 2576 2575 2574 2573 2572 2625 2626 2637 2638 2659 2660 2691 2862 2863 3004 3005 3006 3353 3352 3351 3350 3373 3490 3489 3488 3735 3744 3745 3752 3771 3808 3829 3828 3827 3868 3869 3890 4111 4116 4117 4134 4333 4400 4401 4414 4415 4426 4427 4462 4501 4704 4711 4712 4717 4758 4771 4772 4773 4782 4781 4790 4791 5236 5235 5252 5253 5464 5463 5462 5461 5460 5453 5452 5451 5450 5441 5442 5443 5432 5431 5430 5653 5660 5659 5676 5677 5678 5679 5680 5399 5398 5397 5396 5397 5398
0 0 0 0 0 0 0 0 1590 1589 1588 1603 1602 1601 1602 1603 1850 1849 1848 1839 1838 1655 1832 1831 1826 1825 1666 1669 1802 1801 1794 1793 1774 1775 1780 1779 2302 2309 2396 2395 2400 2401 2402 2579 2580 2581 2582 2583 2604 2605 2624 2623 2622 2695 2694 2693 2692 2861 2864 3011 3010 3007 3346 3347 3348 3349 3374 3375 3486 3487 3736 3743 3746 3751 3772 3807 3830 3831 3866 3867 3870 3889 4112 4115 4136 4135 4332 4331 4330 4415 4416 4425 4464 4463 4500 4705 4710 4709 4718 4757 4756 4775 4774 4779 4780 0 4792 5233 5234 5235 5254 5255 5256 5277 5278 5459 5458 5453 5454 5439 5440 5435 5434 5433 5428 5429 5654 5657 5658 5659 5396 5395 5394 5393 0 5397 5396 5395 5396 5397
0 0 0 0 0 0 0 0 0 0 1605 1604 1603 1606 1605 1604 1851 1852 1853 1854 1837 1836 1833 1830 1827 1824 1667 1668 1803 1806 1807 1792 0 1782 1781 2300 2301 2310 2395 2394 2393 2392 2391 2390 0 2586 2585 2584 2603 2606 2607 2620 2621 2696 2699 2700 2701 2860 3013 3012 3009 3008 3345 3344 3343 3342 3377 3376 3485 3484 3737 3742 3747 3750 3773 3806 3833 3832 3865 3864 3871 3888 4113 4114 4137 4210 4211 4328 4329 4418 4417 4424 4465 4498 4499 4706 4707 4708 4719 4754 4755 4776 4777 4778 4795 4794 4793 5232 5231 5230 5229 5228 5257 5276 5279 5280 5457 5456 5455 5438 5437 5436 5423 5424 5427 5408 5655 5656 5657 5398 5397 5394 5393 5392 5391 5392 5395 5394 0 5396
0 0 0 0 0 0 0 0 0 0 1606 1605 1606 1607 1606 1607 1852 1853 1856 1855 1856 1835 1834 1829 1828 1823 1820 1819 1804 1805 1808 1791 1784 1783 2298 2299 2312 2311 2376 2377 2380 2381 2382 2389 2388 2587 2588 2601 2602 2609 2608 2619 2620 2697 2698 2703 2702 2859 3014 3167 3168 3189 3190 3339 3340 3341 3378 3481 3482 3483 3738 3741 3748 3749 3774 3805 3834 3835 3862 3863 3872 3887 3886 4139 4138 4209 4212 4327 4326 4419 4422 4423 4466 4497 4496 4725 4724 4709 4720 4753 4752 4799 4798 4797 4796 5095 5096 5097 5102 5103 5226 5227 5258 5275 5274 5281 5284 5285 5286 5419 5420 5421 5422 5425 5426 5407 5406 5405 5400 5399 5396 5395 5392 5391 5390 5391 5394 5393 5394 5395
0 0 0 0 0 0 0 0 0 0 0 0 0 1876 1875 1874 1873 1872 1869 1868 1857 1858 1859 1860 1861 1822 1821 1818 1817 1810 1809 1790 1785 1786 2297 2298 2313 2314 2375 2378 2379 2370 2383 2384 2387 2590 2589 2600 2611 2610 2617 2618 2709 2708 2705 2704 2857 2858 3015 3166 3169 3188 3191 3338 3337 3336 3379 3480 3479 3484 3739 3740 3475 3776 3775 3804 3837 3836 3861 3874 3873 3884 3885 4140 4141 4208 4213 4324 4325 4420 4421 4422 4467 4468 4495 4726 4723 4722 4721 4750 4751 4800 4803 4804 4805 5094 0 5098 5101 5104 5225 5224 5259 5260 5273 5282 5283 5288 5287 5418 5417 5416 5415 5414 5415 5408 5409 5404 5401 5382 5383 5384 5385 5388 5389 5390 5391 5392 5395 5396
0 0 0 0 0 0 0 0 0 0 0 0 0 1877 1876 1877 1878 1871 1870 1867 1866 1865 1864 1863 1862 1891 1892 1893 1816 1811 1812 1789 1788 1787 2296 2295 2294 2315 2374 2373 2372 2369 2368 2385 2386 2591 2592 2599 2612 2613 2616 2711 2710 2707 2706 2855 2856 3017 3016 3165 3170 3187 3192 3197 3198 3335 3380 3381 3478 3477 3476 3475 3474 3777 3802 3803 3838 3839 3860 3875 3876 3883 4146 4145 4142 4207 4214 4323 4322 4321 4320 4319 4320 4469 4494 4727 4728 4743 4744 4749 0 4801 4802 4807 4806 5093 5092 5099 5100 5105 5222 5223 5220 5261 5272 5271 5270 5289 5290 5305 5306 5329 5330 5413 5412 5411 5410 5403 5402 5381 5382 5383 5386 5387 0 5391 5392 5393 5396 5397
0 0 0 0 0 0 0 0 0 0 0 0 0 1878 1879 0 1879 1880 1881 1882 1883 1884 1885 1886 1887 1890 1895 1894 1815 1814 1813 2162 2163 2180 2181 2292 2293 2316 2317 2318 2371 2370 2367 2366 2365 2364 2593 2598 2597 2614 2615 2712 2713 2714 2715 2854 3019 3018 3163 3164 3171 3186 3193 3196 3199 3334 3333 3382 3469 3470 3471 3472 3473 3778 3801 3800 3841 3840 3859 3858 3877 3882 4147 4144 4143 4206 4215 4276 4277 4278 4279 4318 4471 4470 4493 4730 4729 4742 4745 4748 4811 4810 4809 4808 5085 5086 5091 5090 5107 5106 5221 5220 5219 5262 5265 5266 5269 5292 5291 5304 5307 5328 5331 5340 5341 5342 5349 5350 5351 5380 5379 5378 5379 5380 5381 5382 0 5394 5395 5396
0 0 0 0 0 0 0 0 0 0 0 0 0 0 1946 0 1910 1909 1908 1907 1906 1905 1904 1903 1888 1889 1896 1897 2130 2131 2160 2161 2164 2179 2182 2291 2290 2289 2288 2319 2332 2333 2334 2361 2362 2363 2594 2595 2596 2721 2720 2719 2718 2717 2716 2853 3020 3021 3162 3173 3172 3185 3194 3195 3200 3331 3332 3383 3468 3467 3466 3465 3780 3779 3800 3799 3842 3853 3854 3857 3878 3881 4148 4149 4204 4205 4216 4275 4274 4273 4280 4317 4472 4473 4492 4731 4732 4741 4746 4747 4812 4813 4974 4975 5084 5087 5088 5089 5108 5109 5216 5217 5218 5263 5264 5267 5268 5293 5294 5303 5308 5327 5332 5339 5338 5343 5348 5353 5352 5375 5376 5377 5378 5379 5380 5405 5406 5397 5396 5397
0 0 0 0 0 0 0 0 0 0 0 0 0 0 1945 1912 1911 1912 1913 1914 1915 1916 1917 1902 1901 1900 1899 1898 2129 2132 2159 2166 2165 2178 2183 2282 2283 2286 2287 2320 2331 2330 2335 2360 2359 2358 2357 2358 2723 2722 2731 2732 2733 2840 2841 2852 2851 3022 3161 3174 3175 3184 3183 3196 3201 3330 3329 3384 3455 3456 3463 3464 3781 3782 3797 3798 3843 3852 3855 3856 3879 3880 4151 4150 4203 4202 4217 4268 4269 4272 4281 4316 4315 4474 4491 4734 4733 4740 4817 4816 4815 4814 4973 4976 5083 5082 5081 5080 5079 5110 5215 5214 5213 5212 5211 5208 5207 5296 5295 5302 5309 5326 5333 5336 5337 5344 5347 5354 5355 5374 5373 0 5379 5380 5381 5404 5403 5398 5399 0
0 0 0 0 0 0 0 0 0 0 0 0 0 0 1944 1943 1940 1939 1936 1935 1932 1931 1918 1919 1920 1921 1922 1923 2128 2133 2158 2167 2176 2177 2184 2281 2284 2285 2278 2321 2322 2329 2336 2353 2354 2355 2356 2725 2724 2729 2730 2735 2734 2839 2842 2843 2850 3023 3160 3177 3176 3181 3182 3203 3202 3327 3328 3385 3454 3457 3462 3461 3784 3783 3796 3799 3844 3851 3852 4155 4154 4153 4152 4199 4200 4201 4218 4267 4270 4271 4282 4313 4314 4475 4490 4735 4736 4739 4818 4819 4820 4971 4972 4977 5074 5075 5076 5077 5078 5111 5112 5159 5160 5161 5210 5209 5206 5297 5300 5301 5310 5325 5334 5335 5336 5345 5346 5355 5356 5371 5372 5371 0 5375 5374 5403 5402 5401 5400 5401
0 0 0 0 0 0 0 0 0 0 0 0 0 1946 1945 1942 1941 1938 1937 1934 1933 1930 1929 1928 1927 1926 1925 1924 2127 2134 2157 2168 2175 2174 2185 2280 2279 2278 2277 2324 2323 2328 2337 2352 2351 2350 2349 2726 2727 2728 2731 2736 2837 2838 2845 2844 2849 3024 3159 3178 3179 3180 3205 3204 3325 3326 3387 3386 3453 3458 3459 3460 3785 3786 3795 3794 3845 3850 4157 4156 4191 4192 4197 4198 4223 4222 4219 4266 4285 4284 4283 4312 4477 4476 4489 4488 4737 4738 4823 4822 4821 4970 4979 4978 5073 5072 5069 5068 5067 5066 5113 5158 5157 5162 5203 5204 5205 5298 5299 5300 5311 5324 5323 5324 5325 0 5359 5358 5357 5370 5369 5370 5371 5372 5373 0 5403 5402 5401 5402
0 0 0 0 0 0 0 0 0 0 0 1949 1948 1947 1946 1947 1948 1951 1952 1953 1954 1955 1956 1957 1958 1959 1960 1961 2126 2135 2156 2169 2174 2173 2186 2273 2274 2275 2276 2325 2326 2327 2338 2339 2340 2347 2348 2741 2740 2739 2738 2737 2836 2835 2846 2847 2848 3025 3158 3209 3208 3207 3206 3323 3324 3325 3388 3389 3452 3451 3450 3449 3448 3787 3788 3793 3846 3849 4158 4159 4190 4193 4196 4197 4224 4221 4220 4265 4286 4287 4288 4311 4478 4481 4482 4487 4828 4827 4824 4963 4964 4969 4980 4981 4982 5071 5070 5061 5062 5065 5114 5155 5156 5163 5202 5201 5200 5199 5198 5197 5312 5323 5322 5323 0 5361 5360 5365 5366 5367 5368 5371 5372 5373 5374 5375 5404 5405 5402 5403
0 0 0 0 0 0 0 0 0 0 0 0 1949 1948 1947 1948 1949 1950 1951 1972 1971 1968 1967 1966 1965 1964 1963 1962 2125 2136 2155 2170 2171 2172 2187 2272 2271 2270 2269 2268 2267 2266 2265 2342 2341 2346 2743 2742 2749 2750 2831 2832 2833 2834 3029 3028 3027 3026 3157 3210 3217 3218 3321 3322 3317 3316 3391 3390 3399 3400 3409 3410 3447 3446 3789 3792 3847 3848 4159 4160 4189 4194 4195 4226 4225 4248 4249 4264 4263 4264 4289 4310 4479 4480 4483 4486 4829 4826 4825 4962 4965 4968 4985 4984 4983 5058 5059 5060 5063 5064 5115 5154 5153 5164 5167 5168 5171 5172 5195 5196 5313 5320 5321 5322 5323 5362 5363 5364 5367 5368 5369 5370 5373 5410 5411 0 5405 5406 5405 5404
0 0 0 0 0 0 0 0 0 0 0 0 1950 1949 1948 1949 1950 1975 1974 1973 1970 1969 2004 2005 2016 2017 2018 2019 2124 2137 2154 2153 2152 2189 2188 2203 2204 2219 2220 2261 2262 2263 2264 2343 2344 2345 2744 2745 2748 2751 2830 2829 2828 2829 3030 3031 3032 3155 3156 3211 3216 3219 3320 3319 3318 3315 3392 3391 3398 3401 3408 3411 3412 3445 3790 3791 4164 4163 4162 4161 4188 4187 4228 4227 4246 4247 4250 4261 4262 4291 4290 4309 4844 4843 4484 4485 4830 4831 4832 4961 4966 4967 4986 4987 4988 5057 5056 5055 5118 5117 5116 5151 5152 5165 5166 5169 5170 5173 5194 5193 5314 5319 5320 5323 5324 5325 5364 0 5368 0 5370 0 5374 5409 5408 5407 5406 5407 5408 0
0 0 0 0 0 0 0 0 0 0 0 0 1951 1950 0 0 1977 1976 1983 1984 1987 1988 2003 2006 2015 2022 2021 2020 2123 2138 2143 2144 2151 2190 2201 2202 2205 2218 2221 2260 2259 2258 2257 2256 2257 2758 2757 2746 2747 2752 2809 2810 2827 2826 2825 3034 3033 3154 3153 3212 3215 3220 3311 3312 3313 3314 3393 3394 3397 3402 3407 3414 3413 3444 3441 3440 4165 4170 4171 4172 4185 4186 4229 4230 4245 4244 4251 4260 4293 4292 4307 4308 4845 4842 4839 4838 4835 4834 4833 4960 4959 4958 4987 4990 4989 5052 5053 5054 5119 5120 5121 5150 5149 5148 5147 5170 5175 5174 5191 5192 5315 5318 5319 5320 5325 5328 5365 5366 5369 5370 5371 5372 5415 5414 5409 5410 5407 5408 5409 0
0 0 0 0 0 0 0 0 0 0 0 1955 1952 1951 1952 1979 1978 1979 1982 1985 1986 1989 2002 2007 2014 2023 2054 2055 2122 2139 2142 2145 2150 2191 2200 2199 2206 2217 2222 2245 2246 2247 2254 2255 2760 2759 2756 2755 2754 2753 2808 2811 2822 2823 2824 3035 3036 3151 3152 3213 3214 3221 3310 3307 3306 3305 3304 3395 3396 3403 3406 3415 3416 3443 3442 3439 4166 4169 4174 4173 4184 4233 4232 4231 4242 4243 4252 4259 4294 4295 4306 4847 4846 4841 4840 4837 4836 4901 4902 4903 4956 4957 4992 4991 5050 5051 5052 5041 5040 5039 5122 5123 5138 5139 5146 5145 5176 5189 5190 5193 5316 5317 5318 5319 5326 5327 5366 5367 5368 5369 5370 5379 5416 5413 5410 5411 5412 5409 5416 5417
0 0 0 0 0 0 0 0 0 0 0 1954 1953 0 1983 1982 1981 1980 1981 1992 1991 1990 2001 2008 2013 2024 2053 2056 2121 2140 2141 2146 2149 2192 2197 2198 2207 2216 2223 2244 2245 2248 2253 2252 2761 2782 2783 2784 2791 2792 2807 2812 2821 2822 3039 3038 3037 3150 3149 3148 3223 3222 3309 3308 3301 3302 3303 3296 3295 3404 3405 3416 3417 3418 3419 3438 4167 4168 4175 4182 4183 4234 4239 4240 4241 0 4253 4258 4297 4296 4305 4848 4849 4852 4853 4898 4899 4900 4905 4904 4955 4994 4993 4994 5049 5046 5045 5042 5037 5038 5039 5124 5137 5140 5143 5144 5177 5188 5187 5186 5187 5188 5319 5320 5327 5368 5367 5368 5369 5376 5377 5378 0 5412 5411 5414 5413 5414 5415 0
0 0 0 0 0 0 0 0 0 0 0 0 0 0 2000 1999 1998 1981 1994 1993 1994 1995 2000 2009 2012 2025 2052 2057 2120 2119 2118 2147 2148 2193 2196 2209 2208 2215 2224 2243 2242 2249 2250 2251 2762 2781 2786 2785 2790 2793 2806 2813 2820 3041 3040 3127 3128 3129 3130 3147 3224 3237 3238 3239 3300 3299 3298 3297 3294 3293 3292 3423 3422 3421 3420 3437 3436 3435 4176 4181 4180 4235 4238 4241 4242 4243 4254 4257 4298 4303 4304 4305 4850 4851 4854 4897 4908 4907 4906 4953 4954 4997 4996 4995 5048 5047 5044 5043 5036 5035 5034 5125 5136 5141 5142 5143 5178 5187 5186 5185 5186 5187 0 5329 5328 5369 5370 5373 5374 5375 5376 5379 5414 5413 5414 5415 5414 5415 5416 5417
0 0 0 0 0 0 0 0 0 0 0 0 0 0 0 0 1997 1996 1995 0 1995 1996 1999 2010 2011 2026 2051 2058 2059 2118 2117 2114 2113 2194 2195 2210 2211 2214 2225 2226 2241 2240 2239 2764 2763 2780 2787 2788 2789 2794 2805 2814 2819 3042 3125 3126 3133 3132 3131 3146 3225 3236 3241 3240 3261 3262 3263 3286 3287 3290 3291 3424 3425 3426 3427 3430 3431 3434 4177 4178 4179 4236 4237 4240 0 4242 4255 4256 4299 4302 4859 4858 4857 4856 4855 4896 4909 4926 4927 4952 4951 4998 4999 5004 5005 5014 5015 5028 5029 5032 5033 5126 5135 5134 5135 5144 5179 5180 5183 5184 5185 5192 0 5330 5331 5370 5371 5372 5373 5374 5375 5376 5415 5414 5415 5416 5417 5416 5417 5420
0 0 0 0 0 0 0 0 0 0 0 0 0 0 0 0 0 1997 1996 1997 1998 1997 1998 1999 2028 2027 2050 2049 2060 2061 2116 2115 2112 2111 2110 2109 2212 2213 0 2227 2228 2237 2238 2765 2778 2779 2798 2797 2796 2795 2804 2815 2818 3043 3124 3123 3134 3135 3136 3145 3226 3235 3242 3243 3260 3259 3264 3285 3288 3289 3290 3291 3426 3427 3428 3429 3432 3433 3434 3435 4180 4237 4238 4239 4240 4241 4242 4243 4300 4301 4860 4861 4862 4863 4864 4895 4910 4925 4928 4949 4950 4999 5000 5003 5006 5013 5016 5027 5030 5031 5028 5127 5132 5133 0 0 5180 5181 5182 5183 5184 5191 0 0 0 5373 5372 5373 5374 5375 0 5377 5378 5379 0 5417 5418 5417 5418 5419
0 0 0 0 0 0 0 0 0 0 0 0 0 0 0 0 0 0 1997 1998 1999 1998 1999 2000 2029 2030 2047 2048 2063 2062 2093 2094 2095 2098 2099 2108 0 2106 2107 2228 2229 2236 2237 2766 2777 2776 2799 2800 2801 2802 2803 2816 2817 3044 3045 3122 3121 3120 3137 3144 3227 3234 3245 3244 3259 3258 3265 3284 3283 3282 3281 3280 3281 3428 3429 3430 3431 3434 3435 0 0 0 4239 0 4241 4244 4243 4244 4245 0 4861 4868 4867 4866 4865 4894 4911 4924 4929 4948 4947 4946 5001 5002 5007 5012 5017 5026 5025 5026 5027 5128 5131 5132 5133 5134 5181 5182 5183 5184 0 5190 0 0 0 0 0 0 0 0 0 5380 5379 5380 5421 5420 5419 0 5419 5420
0 0 0 0 0 0 0 0 0 0 0 0 0 0 0 0 0 0 1998 1999 2000 1999 2000 2033 2032 2031 2046 2045 2064 2065 2092 2091 2096 2097 2100 2107 2106 2105 2106 2107 2230 2235 2768 2767 2774 2775 3054 3053 3052 3051 3050 3049 3048 3047 3046 3117 3118 3119 3138 3143 3228 3233 3246 3251 3252 3257 3266 3273 3274 3275 3280 3279 3280 3281 3430 3431 3432 3433 3436 3437 0 0 0 0 0 0 0 4245 4246 4247 4248 4869 4870 4871 4892 4893 4912 4923 4930 4943 4944 4945 5002 5003 5008 5011 5018 5023 5024 5025 5028 5129 5130 5131 5132 5133 5182 5183 5184 5185 5188 5189 5190 0 0 0 0 0 0 0 0 5381 5380 5381 5422 5421 5420 5421 5422 5421
0 0 0 0 0 0 0 0 0 0 0 0 0 0 0 0 0 0 0 0 2001 2042 2041 2034 2035 2040 2041 2044 2045 2066 2067 2090 2089 2090 2101 2102 2103 2104 2107 2232 2231 2234 2769 2772 2773 3056 3055 3064 3065 3072 3073 3082 3083 3092 3093 3116 3115 3114 3139 3142 3229 3232 3247 3250 3253 3256 3267 3272 3271 3276 3277 3278 3279 3280 3281 0 0 0 0 0 0 0 0 0 0 0 0 0 0 4250 4249 4250 4871 4872 4891 4914 4913 4922 4931 4942 4941 4940 4941 4942 5009 5010 5019 5022 5025 5026 5027 5028 5029 5030 5133 5134 5135 5184 5185 5186 5187 0 5191 5192 0 0 0 0 0 0 5437 5436 5435 5434 5423 5422 5421 5422 5423 5422
0 0 0 0 0 0 0 0 0 0 0 0 0 0 0 0 0 0 0 0 0 2041 2040 2035 2036 2039 2042 2043 2044 0 2068 2069 2088 2087 2086 2103 2104 2105 2234 2233 2232 2233 2770 2771 3058 3057 3062 3063 3066 3071 3074 3081 3084 3091 3094 3105 3106 3113 3140 3141 3230 3231 3248 3249 3254 3255 3268 3269 3270 3271 3272 3277 3278 3279 3280 0 0 0 0 0 0 0 0 0 0 4899 0 0 0 4881 4880 4875 4874 4873 4890 4915 4920 4921 4932 4935 4936 4939 4940 4941 5010 5011 5020 5021 5022 5027 5028 5029 5030 0 5134 5135 5136 5185 5186 5187 0 0 0 0 0 0 0 0 5438 5437 5436 5435 5434 5433 0 5423 5422 0 5424 5425
0 0 0 0 0 0 0 0 0 0 0 0 0 0 0 0 0 0 0 0 2043 2042 2039 2038 2037 2038 2043 2044 2045 2072 2071 2070 2083 2084 2085 0 2105 2106 2235 2234 2233 2234 2235 2772 3059 3060 3061 3064 3067 3070 3075 3080 3085 3090 3095 3104 3107 3112 3113 3114 3231 3232 3249 3250 3251 3252 3269 3270 0 3272 3275 3276 3277 0 0 0 0 0 0 0 0 0 0 0 4899 4898 4897 4882 4881 4880 4879 4876 4875 4888 4889 4916 4919 4920 4933 4934 4937 4938 4939 4942 0 4946 4947 0 0 0 0 5030 5031 5032 5033 5034 5035 5186 5187 5190 0 0 0 0 0 0 0 0 0 5438 5435 5434 5433 5432 5431 5426 5423 5424 5429 5430
0 0 0 0 0 0 0 0 0 0 0 0 0 0 0 0 0 0 0 0 2044 2043 2044 2039 0 2039 2046 2045 0 0 2072 2073 2082 2081 2080 0 0 0 2236 2235 2234 2235 2236 2773 3060 3061 3062 3063 3068 3069 3076 3079 3086 3089 3096 3103 3108 3111 3112 3115 3232 3233 0 3237 3238 3239 3270 3271 3272 3273 3274 0 0 0 0 0 0 0 0 0 0 0 0 0 0 0 4896 0 4880 4879 4878 4877 4876 4887 4886 4917 4918 4919 4920 4939 4938 4939 4940 4943 4944 4945 4946 0 0 0 0 5033 5032 5033 5036 5035 5036 5187 5188 5189 0 0 0 0 0 0 0 0 0 5435 5434 5433 5432 5433 5430 5425 5424 5425 5428 5429
0 0 0 0 0 0 0 0 0 0 0 0 0 0 0 0 0 0 0 0 0 2044 2045 2040 2041 2040 0 0 0 0 0 2074 2075 2080 2079 0 0 0 0 2236 3071 3070 3069 0 3061 3062 3063 3068 3069 3074 3077 3078 3087 3088 3097 3102 3109 3110 0 3234 3233 3234 3235 3236 3237 3238 3239 3272 3273 3274 0 0 0 0 0 0 0 0 0 0 0 0 0 0 0 4896 4895 4884 4881 4880 4881 4882 4883 4884 4885 4886 4887 4888 0 4940 4941 0 4945 4944 4945 4946 0 0 0 0 0 5034 5033 0 0 0 0 0 5191 5190 0 0 0 0 0 0 0 0 5437 5436 5435 5432 5431 0 5429 5428 5425 5426 5427 0
0 0 0 0 0 0 0 0 0 0 0 0 0 0 0 0 0 0 0 0 2050 2049 2046 2047 2042 0 0 0 0 0 0 0 2076 2077 2078 2079 0 0 0 2237 3070 3069 3068 3067 3062 3063 3064 3067 3070 3073 3074 3079 0 3089 3098 3101 3110 3111 3112 0 0 0 0 3237 3238 3239 0 0 3274 3275 0 0 0 0 0 0 0 4907 0 0 0 0 0 0 0 4895 4894 4883 4882 4881 4882 4883 4884 4887 4886 4889 4888 4889 0 0 0 0 0 4945 4946 4949 0 0 0 0 0 0 0 0 0 0 0 0 5192 0 0 0 0 0 0 0 0 0 5438 5437 5438 5431 5430 5429 5428 5427 5426 5427 5428 0
0 0 0 0 0 0 0 0 0 0 0 0 0 0 0 0 0 0 0 0 0 2048 2047 2048 2049 0 0 0 0 0 0 2080 2077 2078 2079 2080 0 0 0 3070 3069 3068 3067 3066 3065 3064 3065 3066 3071 3072 0 0 0 3100 3099 3100 3101 0 3113 0 0 0 0 0 0 0 0 0 0 0 0 0 0 0 0 0 0 4906 4905 4904 4903 4904 0 4898 4899 0 4893 4884 4885 4886 4885 4884 4885 0 0 0 0 0 0 0 0 0 0 4948 4947 4948 4949 0 0 0 0 0 0 0 0 0 0 0 0 0 0 0 0 0 0 0 0 5440 5439 5440 5439 5432 0 5430 5429 5430 5427 5428 5433 5434
0 0 0 0 0 0 0 0 0 0 0 0 0 0 0 0 0 0 0 0 0 2051 2050 2049 0 0 0 0 0 0 0 2079 2078 2079 2082 2081 0 0 0 3071 3070 3069 3070 0 3066 0 0 3073 3072 3073 0 0 0 3101 3100 3101 0 0 0 0 0 0 0 0 0 0 0 0 0 0 0 0 0 0 0 0 0 4905 4904 4903 4902 4899 4898 4897 4896 4893 4892 4891 4890 4887 4886 4885 0 0 0 0 0 0 0 0 0 0 0 4949 0 4949 4950 0 0 0 0 0 0 0 0 0 0 0 0 0 0 0 0 0 0 0 0 0 5442 5441 0 5433 0 0 0 5431 5428 5431 5432 5433
0 0 0 0 0 0 0 0 0 0 0 0 0 0 0 0 0 0 0 0 0 2052 2051 2052 0 0 0 0 0 0 3089 2080 2081 3082 3081 3080 3079 3078 0 3072 3071 3070 3071 0 0 0 0 3074 0 0 0 0 0 0 0 0 0 0 0 0 0 0 0 0 0 0 0 0 0 0 0 0 0 0 0 0 0 0 4905 4902 4901 4900 4899 0 4895 0 4893 4892 4889 4888 4887 0 0 0 0 0 0 0 0 0 0 0 0 4950 0 0 0 0 0 0 0 0 0 0 0 0 0 0 0 0 0 0 0 0 0 0 0 0 0 0 0 0 0 0 0 5432 5429 5430 5435 5434
0 0 0 0 0 0 0 0 0 0 0 0 0 0 0 0 0 0 0 0 0 2053 2054 2055 2056 0 0 0 0 0 3088 3085 3084 3083 3082 3081 0 3077 3076 3073 3072 0 3072 0 0 0 0 0 0 0 0 0 0 0 0 0 0 0 0 0 0 0 0 0 0 0 0 0 0 0 0 0 0 0 0 0 0 0 0 4901 4900 0 4898 4897 4894 4893 4892 4891 4890 4889 0 0 0 0 0 0 0 0 0 0 0 0 0 0 0 0 0 0 0 0 0 0 0 0 0 0 0 0 0 0 0 0 0 0 0 0 0 0 0 0 0 0 0 0 0 5433 5430 5431 5434 5435
0 0 0 0 0 0 0 0 0 0 0 0 0 0 0 0 0 0 0 0 0 2054 2055 0 2057 0 0 0 3089 3088 3087 3086 3087 3088 3083 3082 0 3076 3075 3074 3073 3074 3075 0 0 0 0 0 0 0 0 0 0 0 0 0 0 0 0 0 0 0 0 0 0 0 0 0 0 0 0 0 0 0 0 0 0 0 0 0 4899 4898 4897 4896 4895 4894 4893 4892 4891 0 0 0 0 0 0 0 0 0 0 0 0 0 0 0 0 0 0 0 0 0 0 0 0 0 0 0 0 0 0 0 0 0 0 0 0 0 0 0 0 0 0 0 0 0 0 0 0 5432 5433 5434
